% start	end	CellId	IMSI	RNTI	LCID	nTxPDUs	TxBytes	nRxPDUs	RxBytes	delay	stdDev	min	max	PduSize	stdDev	min	max
1	1.25	1	1	12	3	17	8962	15	7782	0.00746474	0.00400611	0.00306925	0.0139998	518.8	187.898	54	590	
1	1.25	1	2	1	3	11	5422	11	5422	0.0145175	0.00709022	0.00506824	0.0289997	492.909	216.015	54	590	
1	1.25	1	3	14	3	17	8962	17	8962	0.0105354	0.00236603	0.00306976	0.0149996	527.176	177.346	54	590	
1	1.25	1	4	18	3	17	8962	11	5422	0.0064268	0.00482775	0.00306925	0.0169996	492.909	216.015	54	590	
1	1.25	1	5	15	3	17	8962	12	6012	0.0122304	0.00494102	0.0100687	0.0250687	501	207.861	54	590	
1	1.25	1	6	23	3	17	8962	17	8962	0.0105354	0.0046975	0.0030697	0.0240657	527.176	177.346	54	590	
1	1.25	1	7	25	3	26	14272	17	8962	0.00624097	0.00612252	0.00306623	0.0249993	527.176	177.346	54	590	
1	1.25	1	8	17	3	26	14272	18	9552	0.00695396	0.00400886	0.00306724	0.0110698	530.667	172.687	54	590	
1	1.25	1	9	26	3	26	14272	19	10142	0.00580234	0.00374347	0.00306875	0.0159992	533.789	168.372	54	590	
1	1.25	1	10	3	3	17	8962	17	8962	0.0100057	0.00407033	0.0030697	0.0229991	527.176	177.346	54	590	
1	1.25	1	11	24	3	17	8962	17	8962	0.0102412	0.00284192	0.00306976	0.018999	527.176	177.346	54	590	
1	1.25	1	12	4	3	17	8962	17	8962	0.00953533	0.00254604	0.00306925	0.0129989	527.176	177.346	54	590	
1	1.25	1	13	16	3	17	8962	17	8962	0.010653	0.0040972	0.00306925	0.0209989	527.176	177.346	54	590	
1	1.25	1	14	2	3	26	14272	17	8962	0.00600618	0.00320263	0.00306875	0.0119988	527.176	177.346	54	590	
1	1.25	1	15	13	3	17	8962	17	8962	0.00524131	0.00502378	0.00306925	0.0239987	527.176	177.346	54	590	
1	1.25	3	16	17	3	17	8962	13	6602	0.0112174	0.0080369	0.00306913	0.0289986	507.846	200.537	54	590	
1	1.25	3	17	14	3	17	8962	17	8962	0.011887	0.00485625	0.00306824	0.0230642	527.176	177.346	54	590	
1	1.25	3	18	2	3	17	8962	17	8962	0.0101223	0.000225799	0.0100642	0.0109985	527.176	177.346	54	590	
1	1.25	3	19	1	3	17	8962	17	8962	0.0105928	0.00157051	0.0100647	0.0159984	527.176	177.346	54	590	
1	1.25	3	20	29	3	17	8962	11	5422	0.00515341	0.00328113	0.00306774	0.0139983	492.909	216.015	54	590	
1	1.25	3	21	15	3	20	10732	17	8962	0.00788802	0.00370667	0.00306875	0.0119982	527.176	177.346	54	590	
1	1.25	3	22	28	3	17	8962	12	6012	0.0103965	0.0113399	0.00306855	0.0340687	501	207.861	54	590	
1	1.25	3	23	30	3	17	8962	16	8372	0.00837694	0.00647059	0.00306774	0.0230677	523.25	182.397	54	590	
1	1.25	3	24	23	3	17	8962	13	6602	0.0134479	0.00854793	0.00306925	0.029998	507.846	200.537	54	590	
1	1.25	3	25	4	3	17	8962	17	8962	0.00953399	0.00254594	0.00306824	0.0129979	527.176	177.346	54	590	
1	1.25	3	26	16	3	17	8962	17	8962	0.0116524	0.00627939	0.00306824	0.0250672	527.176	177.346	54	590	
1	1.25	3	27	24	3	17	8962	17	8962	0.00929869	0.00438303	0.00306774	0.0209978	527.176	177.346	54	590	
1	1.25	3	28	26	3	17	8962	16	8372	0.0131256	0.00472241	0.0100662	0.0250647	523.25	182.397	54	590	
1	1.25	3	29	3	3	26	14272	21	11322	0.00625532	0.00462312	0.00306875	0.0169976	539.143	160.624	54	590	
1	1.25	3	30	25	3	26	14272	17	8962	0.00618248	0.0061197	0.00306875	0.0239975	527.176	177.346	54	590	
1.25	1.5	1	1	12	3	42	24780	31	18290	0.0399719	0.0174264	0.00506976	0.0730662	590	0	590	590	
1.25	1.5	1	2	1	3	36	21240	24	14160	0.0584435	0.0328205	0.0180687	0.105066	590	0	590	590	
1.25	1.5	1	3	14	3	51	30090	32	18880	0.0518181	0.0226005	0.00406976	0.0870693	590	0	590	590	
1.25	1.5	1	4	18	3	45	26550	37	21830	0.0303105	0.0256952	0.00306925	0.0800657	590	0	590	590	
1.25	1.5	1	5	15	3	36	21240	26	15340	0.0552222	0.0275727	0.0160687	0.113066	590	0	590	590	
1.25	1.5	1	6	23	3	48	28320	32	18880	0.0526617	0.0210303	0.00306976	0.0880693	590	0	590	590	
1.25	1.5	1	7	25	3	27	15930	21	12390	0.0791147	0.0225715	0.0410667	0.114063	590	0	590	590	
1.25	1.5	1	8	17	3	63	37170	47	27730	0.0478548	0.026193	0.00406976	0.0880693	590	0	590	590	
1.25	1.5	1	9	26	3	57	33630	42	24780	0.0487112	0.0196562	0.0190687	0.0940672	590	0	590	590	
1.25	1.5	1	10	3	3	57	33630	36	21240	0.0479563	0.0319608	0.00306925	0.101066	590	0	590	590	
1.25	1.5	1	11	24	3	63	37170	44	25960	0.041521	0.024851	0.00306925	0.0870657	590	0	590	590	
1.25	1.5	1	12	4	3	69	40710	47	27730	0.0444289	0.0269468	0.00306925	0.0940667	590	0	590	590	
1.25	1.5	1	13	16	3	54	31860	35	20650	0.0478104	0.0260657	0.00306976	0.0930677	590	0	590	590	
1.25	1.5	1	14	2	3	39	23010	31	18290	0.0617105	0.0278787	0.0140647	0.100069	590	0	590	590	
1.25	1.5	1	15	13	3	48	28320	33	19470	0.0387348	0.0267486	0.00306925	0.0890687	590	0	590	590	
1.25	1.5	3	16	17	3	33	19470	24	14160	0.0591926	0.0234618	0.0260682	0.0980657	590	0	590	590	
1.25	1.5	3	17	14	3	39	23010	25	14750	0.0608275	0.0273511	0.00306824	0.121065	590	0	590	590	
1.25	1.5	3	18	2	3	54	31860	34	20060	0.0515077	0.0363073	0.00706824	0.125064	590	0	590	590	
1.25	1.5	3	19	1	3	66	38940	44	25960	0.0416576	0.0243616	0.00306774	0.0870687	590	0	590	590	
1.25	1.5	3	20	29	3	54	31860	45	26550	0.0257993	0.0195366	0.00306774	0.0600627	590	0	590	590	
1.25	1.5	3	21	15	3	63	37170	44	25960	0.0432728	0.020919	0.00406925	0.0740698	590	0	590	590	
1.25	1.5	3	22	28	3	21	12390	16	9440	0.0646311	0.0252822	0.0300693	0.111069	590	0	590	590	
1.25	1.5	3	23	30	3	45	26550	33	19470	0.041523	0.0179283	0.0110693	0.0800677	590	0	590	590	
1.25	1.5	3	24	23	3	30	17700	21	12390	0.0543524	0.0151555	0.0200682	0.0830677	590	0	590	590	
1.25	1.5	3	25	4	3	66	38940	44	25960	0.0442479	0.022254	0.00306169	0.0870687	590	0	590	590	
1.25	1.5	3	26	16	3	66	38940	42	24780	0.046043	0.0275544	0.00406824	0.0850672	590	0	590	590	
1.25	1.5	3	27	24	3	66	38940	45	26550	0.0414902	0.0235058	0.00406925	0.0870627	590	0	590	590	
1.25	1.5	3	28	26	3	48	28320	32	18880	0.0473174	0.0207895	0.00606824	0.0830687	590	0	590	590	
1.25	1.5	3	29	3	3	60	35400	44	25960	0.049817	0.0235493	0.0140693	0.0960642	590	0	590	590	
1.25	1.5	3	30	25	3	45	26550	34	20060	0.055096	0.0228197	0.00906371	0.0980672	590	0	590	590	
1.5	1.75	1	1	12	3	45	26550	34	20060	0.104275	0.0191783	0.0670698	0.134069	590	0	590	590	
1.5	1.75	1	2	1	3	33	19470	22	12980	0.129569	0.024686	0.0900698	0.167069	590	0	590	590	
1.5	1.75	1	3	14	3	36	21240	34	20060	0.117392	0.0124306	0.0870698	0.133069	590	0	590	590	
1.5	1.75	1	4	18	3	45	26550	33	19470	0.107766	0.0169272	0.0740693	0.133069	590	0	590	590	
1.5	1.75	1	5	15	3	40	23600	26	15340	0.1263	0.0234832	0.0870698	0.163069	590	0	590	590	
1.5	1.75	1	6	23	3	36	21240	33	19470	0.116129	0.010997	0.0880698	0.128069	590	0	590	590	
1.5	1.75	1	7	25	3	36	21240	23	13570	0.141981	0.0257082	0.0960667	0.180069	590	0	590	590	
1.5	1.75	1	8	17	3	33	19470	43	25370	0.0752773	0.0266595	0.0170667	0.103069	590	0	590	590	
1.5	1.75	1	9	26	3	52	30680	44	25960	0.0863415	0.0226895	0.0320695	0.107069	590	0	590	590	
1.5	1.75	1	10	3	3	33	19470	34	20060	0.120599	0.00822109	0.0990698	0.129069	590	0	590	590	
1.5	1.75	1	11	24	3	51	30090	43	25370	0.0852535	0.0255405	0.0150692	0.105066	590	0	590	590	
1.5	1.75	1	12	4	3	50	29500	43	25370	0.0682775	0.0292118	0.0130697	0.103069	590	0	590	590	
1.5	1.75	1	13	16	3	31	18290	32	18880	0.117036	0.00769341	0.0940698	0.124069	590	0	590	590	
1.5	1.75	1	14	2	3	44	25960	35	20650	0.118582	0.0166267	0.0880647	0.134069	590	0	590	590	
1.5	1.75	1	15	13	3	42	24780	34	20060	0.114068	0.0151821	0.0740667	0.13307	590	0	590	590	
1.5	1.75	3	16	17	3	36	21240	24	14160	0.138942	0.0250449	0.0970698	0.178064	590	0	590	590	
1.5	1.75	3	17	14	3	41	24190	26	15340	0.138375	0.0178922	0.10407	0.165067	590	0	590	590	
1.5	1.75	3	18	2	3	31	18290	33	19470	0.117311	0.00788211	0.0940682	0.131069	590	0	590	590	
1.5	1.75	3	19	1	3	52	30680	44	25960	0.0847951	0.0225527	0.0320665	0.108066	590	0	590	590	
1.5	1.75	3	20	29	3	44	25960	43	25370	0.0827889	0.0205841	0.0160692	0.103068	590	0	590	590	
1.5	1.75	3	21	15	3	48	28320	45	26550	0.0862907	0.0229567	0.0270682	0.105069	590	0	590	590	
1.5	1.75	3	22	28	3	24	14160	17	10030	0.138126	0.0244606	0.100067	0.187067	590	0	590	590	
1.5	1.75	3	23	30	3	45	26550	33	19470	0.110279	0.0150374	0.0820667	0.13107	590	0	590	590	
1.5	1.75	3	24	23	3	36	21240	24	14160	0.129235	0.0255849	0.0770682	0.175069	590	0	590	590	
1.5	1.75	3	25	4	3	52	30680	43	25370	0.0860673	0.0225444	0.0290647	0.105068	590	0	590	590	
1.5	1.75	3	26	16	3	33	19470	33	19470	0.100341	0.034568	0.0130682	0.143069	590	0	590	590	
1.5	1.75	3	27	24	3	33	19470	42	24780	0.0740428	0.0321202	0.00306873	0.106065	590	0	590	590	
1.5	1.75	3	28	26	3	39	23010	34	20060	0.117833	0.0125023	0.0860677	0.131069	590	0	590	590	
1.5	1.75	3	29	3	3	51	30090	44	25960	0.0782261	0.0263113	0.0280672	0.106067	590	0	590	590	
1.5	1.75	3	30	25	3	33	19470	34	20060	0.118949	0.00876518	0.100068	0.131066	590	0	590	590	
1.75	2	1	1	12	3	44	25960	35	20650	0.0797828	0.0360279	0.0340682	0.136069	590	0	590	590	
1.75	2	1	2	1	3	22	12980	27	15930	0.16218	0.014235	0.13607	0.188069	590	0	590	590	
1.75	2	1	3	14	3	44	25960	34	20060	0.0873333	0.028514	0.0430692	0.132069	590	0	590	590	
1.75	2	1	4	18	3	42	24780	35	20650	0.0810969	0.0393296	0.0200697	0.137069	590	0	590	590	
1.75	2	1	5	15	3	15	8850	30	17700	0.111336	0.0527912	0.0170691	0.170069	590	0	590	590	
1.75	2	1	6	23	3	22	12980	27	15930	0.049661	0.0412958	0.00306762	0.134069	590	0	590	590	
1.75	2	1	7	25	3	19	11210	24	14160	0.164361	0.0346829	0.0480696	0.189068	590	0	590	590	
1.75	2	1	8	17	3	15	8850	15	8850	0.00320141	0.000352222	0.00306472	0.0040692	590	0	590	590	
1.75	2	1	9	26	3	40	23600	44	25960	0.0667276	0.0275178	0.0030697	0.104065	590	0	590	590	
1.75	2	1	10	3	3	39	23010	34	20060	0.0871859	0.026246	0.0460695	0.136064	590	0	590	590	
1.75	2	1	11	24	3	49	28910	46	27140	0.066634	0.0194725	0.0300697	0.101068	590	0	590	590	
1.75	2	1	12	4	3	38	22420	45	26550	0.0574239	0.0231144	0.0260687	0.106068	590	0	590	590	
1.75	2	1	13	16	3	41	24190	36	21240	0.0810678	0.0290034	0.0350647	0.123068	590	0	590	590	
1.75	2	1	14	2	3	44	25960	38	22420	0.0831982	0.0256502	0.0350667	0.132069	590	0	590	590	
1.75	2	1	15	13	3	43	25370	34	20060	0.0810681	0.0366169	0.0180697	0.137069	590	0	590	590	
1.75	2	3	16	17	3	22	12980	25	14750	0.156189	0.0468282	0.0320677	0.197068	590	0	590	590	
1.75	2	3	17	14	3	22	12980	27	15930	0.130995	0.0413277	0.0620697	0.16607	590	0	590	590	
1.75	2	3	18	2	3	44	25960	40	23600	0.0690432	0.0408302	0.0130687	0.138068	590	0	590	590	
1.75	2	3	19	1	3	33	19470	40	23600	0.0722928	0.025265	0.00306912	0.106066	590	0	590	590	
1.75	2	3	20	29	3	46	27140	43	25370	0.0716731	0.0260249	0.0110697	0.109069	590	0	590	590	
1.75	2	3	21	15	3	42	24780	42	24780	0.0740687	0.02444	0.0290692	0.109068	590	0	590	590	
1.75	2	3	22	28	3	27	15930	19	11210	0.20749	0.0155072	0.179069	0.234069	590	0	590	590	
1.75	2	3	23	30	3	42	24780	32	18880	0.0888807	0.0313338	0.0460647	0.136069	590	0	590	590	
1.75	2	3	24	23	3	16	9440	23	13570	0.183721	0.00957052	0.16707	0.202069	590	0	590	590	
1.75	2	3	25	4	3	34	20060	43	25370	0.0678359	0.0251277	0.00706946	0.107067	590	0	590	590	
1.75	2	3	26	16	3	40	23600	32	18880	0.0741927	0.029721	0.0130697	0.116069	590	0	590	590	
1.75	2	3	27	24	3	29	17110	29	17110	0.00789648	0.0054181	0.00306821	0.0190667	590	0	590	590	
1.75	2	3	28	26	3	43	25370	33	19470	0.095705	0.0262464	0.0510694	0.134069	590	0	590	590	
1.75	2	3	29	3	3	29	17110	41	24190	0.0640437	0.0296515	0.0130682	0.111067	590	0	590	590	
1.75	2	3	30	25	3	41	24190	32	18880	0.090661	0.0304585	0.0450667	0.136068	590	0	590	590	
2	2.25	1	1	12	3	28	16520	36	21240	0.0813468	0.0269504	0.0370692	0.12707	590	0	590	590	
2	2.25	1	2	1	3	38	22420	28	16520	0.0783901	0.0416299	0.0290682	0.19107	590	0	590	590	
2	2.25	1	3	14	3	25	14750	37	21830	0.0765821	0.0394254	0.0170682	0.129065	590	0	590	590	
2	2.25	1	4	18	3	25	14750	34	20060	0.0640397	0.0430696	0.00306974	0.127069	590	0	590	590	
2	2.25	1	5	15	3	15	8850	17	10030	0.022657	0.0186545	0.00306923	0.0780682	590	0	590	590	
2	2.25	1	6	23	3	19	11210	19	11210	0.00891108	0.00474096	0.00306824	0.0170692	590	0	590	590	
2	2.25	1	7	25	3	29	17110	26	15340	0.108607	0.034884	0.0560687	0.164067	590	0	590	590	
2	2.25	1	8	17	3	14	8260	14	8260	0.0032833	0.000578757	0.00306772	0.00506873	590	0	590	590	
2	2.25	1	9	26	3	38	22420	42	24780	0.0149736	0.00891331	0.00306976	0.0420672	590	0	590	590	
2	2.25	1	10	3	3	29	17110	35	20650	0.0463546	0.0353273	0.0030697	0.125069	590	0	590	590	
2	2.25	1	11	24	3	35	20650	42	24780	0.0384971	0.0236538	0.00306823	0.0760657	590	0	590	590	
2	2.25	1	12	4	3	45	26550	46	27140	0.0330685	0.00694703	0.0160682	0.0450677	590	0	590	590	
2	2.25	1	13	16	3	34	20060	35	20650	0.06284	0.0223857	0.0380697	0.125067	590	0	590	590	
2	2.25	1	14	2	3	35	20650	37	21830	0.0786893	0.0247719	0.0300687	0.119069	590	0	590	590	
2	2.25	1	15	13	3	31	18290	36	21240	0.0763465	0.0277116	0.0330693	0.12407	590	0	590	590	
2	2.25	3	16	17	3	28	16520	26	15340	0.11153	0.0371799	0.0510691	0.16707	590	0	590	590	
2	2.25	3	17	14	3	32	18880	32	18880	0.10085	0.0285256	0.0460687	0.143066	590	0	590	590	
2	2.25	3	18	2	3	28	16520	29	17110	0.041758	0.0194068	0.0100677	0.0730671	590	0	590	590	
2	2.25	3	19	1	3	36	21240	37	21830	0.0203662	0.00831926	0.00306976	0.0320682	590	0	590	590	
2	2.25	3	20	29	3	38	22420	35	20650	0.0145548	0.00922036	0.00306922	0.0350682	590	0	590	590	
2	2.25	3	21	15	3	32	18880	37	21830	0.0281227	0.0145349	0.00306875	0.0610682	590	0	590	590	
2	2.25	3	22	28	3	11	6490	21	12390	0.210641	0.0311907	0.0940687	0.258068	590	0	590	590	
2	2.25	3	23	30	3	29	17110	34	20060	0.0846566	0.0305134	0.0280697	0.130067	590	0	590	590	
2	2.25	3	24	23	3	36	21240	24	14160	0.119443	0.0428633	0.0620692	0.198069	590	0	590	590	
2	2.25	3	25	4	3	40	23600	37	21830	0.0199873	0.00937247	0.00306976	0.0400698	590	0	590	590	
2	2.25	3	26	16	3	37	21830	33	19470	0.111765	0.0168643	0.0790691	0.138066	590	0	590	590	
2	2.25	3	27	24	3	28	16520	28	16520	0.00335467	0.00059951	0.00306673	0.00506875	590	0	590	590	
2	2.25	3	28	26	3	22	12980	33	19470	0.0786442	0.0462978	0.00906922	0.140067	590	0	590	590	
2	2.25	3	29	3	3	39	23010	35	20650	0.0158403	0.00879843	0.00306925	0.0330693	590	0	590	590	
2	2.25	3	30	25	3	23	13570	32	18880	0.0590684	0.0475072	0.00306774	0.142069	590	0	590	590	
2.25	2.5	1	1	12	3	28	16520	31	18290	0.0338758	0.0219626	0.00406976	0.0970692	590	0	590	590	
2.25	2.5	1	2	1	3	26	15340	32	18880	0.105694	0.0302257	0.0450698	0.167064	590	0	590	590	
2.25	2.5	1	3	14	3	38	22420	35	20650	0.0179263	0.00806971	0.00306925	0.0330682	590	0	590	590	
2.25	2.5	1	4	18	3	26	15340	29	17110	0.0126203	0.0121523	0.00306724	0.0490672	590	0	590	590	
2.25	2.5	1	5	15	3	16	9440	16	9440	0.0159439	0.00547546	0.00606875	0.0250672	590	0	590	590	
2.25	2.5	1	6	23	3	17	10030	18	10620	0.0111247	0.00366988	0.0030697	0.0170696	590	0	590	590	
2.25	2.5	1	7	25	3	16	9440	25	14750	0.100229	0.0509938	0.0260698	0.183069	590	0	590	590	
2.25	2.5	1	8	17	3	14	8260	14	8260	0.00306913	6.85687e-07	0.00306724	0.0030697	590	0	590	590	
2.25	2.5	1	9	26	3	48	28320	45	26550	0.0212023	0.006834	0.00906976	0.0390672	590	0	590	590	
2.25	2.5	1	10	3	3	36	21240	35	20650	0.0200976	0.00679293	0.00606976	0.0320693	590	0	590	590	
2.25	2.5	1	11	24	3	46	27140	46	27140	0.018895	0.00768311	0.00306976	0.0330682	590	0	590	590	
2.25	2.5	1	12	4	3	48	28320	46	27140	0.0342627	0.00984221	0.0120662	0.0560677	590	0	590	590	
2.25	2.5	1	13	16	3	35	20650	35	20650	0.0486401	0.00660308	0.0340697	0.0610677	590	0	590	590	
2.25	2.5	1	14	2	3	33	19470	36	21240	0.0411235	0.0247719	0.00706925	0.0950692	590	0	590	590	
2.25	2.5	1	15	13	3	34	20060	34	20060	0.0408631	0.0101883	0.0180697	0.0630692	590	0	590	590	
2.25	2.5	3	16	17	3	16	9440	24	14160	0.0821938	0.0441709	0.0210693	0.15907	590	0	590	590	
2.25	2.5	3	17	14	3	18	10620	25	14750	0.074629	0.0268188	0.0230693	0.115069	590	0	590	590	
2.25	2.5	3	18	2	3	26	15340	27	15930	0.0325128	0.0189361	0.0100682	0.0800677	590	0	590	590	
2.25	2.5	3	19	1	3	44	25960	41	24190	0.0199464	0.00934327	0.00506976	0.0430677	590	0	590	590	
2.25	2.5	3	20	29	3	39	23010	40	23600	0.0185936	0.0078314	0.00306875	0.0330693	590	0	590	590	
2.25	2.5	3	21	15	3	42	24780	39	23010	0.0220687	0.00990709	0.00606875	0.0480677	590	0	590	590	
2.25	2.5	3	22	28	3	16	9440	20	11800	0.0560183	0.0213526	0.00406875	0.0940672	590	0	590	590	
2.25	2.5	3	23	30	3	25	14750	33	19470	0.0405232	0.0303794	0.00306976	0.100066	590	0	590	590	
2.25	2.5	3	24	23	3	12	7080	23	13570	0.141547	0.0385284	0.0580696	0.188069	590	0	590	590	
2.25	2.5	3	25	4	3	44	25960	40	23600	0.0205683	0.00900109	0.0100672	0.0370672	590	0	590	590	
2.25	2.5	3	26	16	3	25	14750	34	20060	0.0501269	0.0285858	0.0150687	0.104069	590	0	590	590	
2.25	2.5	3	27	24	3	28	16520	28	16520	0.00356904	0.000962055	0.00306823	0.00706823	590	0	590	590	
2.25	2.5	3	28	26	3	34	20060	33	19470	0.0199172	0.00955566	0.00506875	0.0440652	590	0	590	590	
2.25	2.5	3	29	3	3	40	23600	40	23600	0.0215685	0.00857814	0.00906976	0.0390687	590	0	590	590	
2.25	2.5	3	30	25	3	32	18880	33	19470	0.0150078	0.00776933	0.00306774	0.0280693	590	0	590	590	
2.5	2.75	1	1	12	3	36	21240	37	21830	0.0243392	0.0100404	0.00306976	0.0430693	590	0	590	590	
2.5	2.75	1	2	1	3	31	18290	32	18880	0.0834751	0.0149445	0.0420698	0.111068	590	0	590	590	
2.5	2.75	1	3	14	3	38	22420	38	22420	0.0291742	0.00893124	0.0120698	0.0530672	590	0	590	590	
2.5	2.75	1	4	18	3	32	18880	30	17700	0.0177025	0.00952799	0.00306976	0.0380682	590	0	590	590	
2.5	2.75	1	5	15	3	16	9440	15	8850	0.0177351	0.00365788	0.0130667	0.0240672	590	0	590	590	
2.5	2.75	1	6	23	3	14	8260	14	8260	0.00706837	0.00367963	0.00306774	0.0160687	590	0	590	590	
2.5	2.75	1	7	25	3	23	13570	22	12980	0.0340237	0.0114286	0.0190687	0.0620693	590	0	590	590	
2.5	2.75	1	8	17	3	6	3540	6	3540	0.00440239	0.00280435	0.00306873	0.0100682	590	0	590	590	
2.5	2.75	1	9	26	3	48	28320	49	28910	0.0282724	0.00735076	0.0110687	0.0390698	590	0	590	590	
2.5	2.75	1	10	3	3	38	22420	37	21830	0.03015	0.00842038	0.0170698	0.0510687	590	0	590	590	
2.5	2.75	1	11	24	3	50	29500	47	27730	0.0268133	0.00773558	0.00706976	0.0450667	590	0	590	590	
2.5	2.75	1	12	4	3	33	19470	41	24190	0.0324094	0.00892338	0.00306673	0.0440682	590	0	590	590	
2.5	2.75	1	13	16	3	37	21830	38	22420	0.0437265	0.00809787	0.0280697	0.0580692	590	0	590	590	
2.5	2.75	1	14	2	3	40	23600	37	21830	0.0331755	0.0130333	0.0120667	0.0610652	590	0	590	590	
2.5	2.75	1	15	13	3	34	20060	39	23010	0.0388631	0.00817627	0.0190677	0.0530687	590	0	590	590	
2.5	2.75	3	16	17	3	22	12980	19	11210	0.0392789	0.0137013	0.0230698	0.0680672	590	0	590	590	
2.5	2.75	3	17	14	3	30	17700	29	17110	0.027034	0.00902537	0.0170682	0.0480672	590	0	590	590	
2.5	2.75	3	18	2	3	42	24780	38	22420	0.0231464	0.00948394	0.00306976	0.0460632	590	0	590	590	
2.5	2.75	3	19	1	3	50	29500	47	27730	0.0246428	0.0101974	0.00606875	0.0550682	590	0	590	590	
2.5	2.75	3	20	29	3	48	28320	45	26550	0.0210023	0.00872131	0.00406824	0.0390677	590	0	590	590	
2.5	2.75	3	21	15	3	46	27140	46	27140	0.0247641	0.00751805	0.00906976	0.0400672	590	0	590	590	
2.5	2.75	3	22	28	3	14	8260	12	7080	0.036819	0.0243201	0.0030692	0.0710692	590	0	590	590	
2.5	2.75	3	23	30	3	36	21240	34	20060	0.0190101	0.00683972	0.00506824	0.0320687	590	0	590	590	
2.5	2.75	3	24	23	3	23	13570	22	12980	0.0296131	0.00965955	0.0120677	0.0500693	590	0	590	590	
2.5	2.75	3	25	4	3	45	26550	45	26550	0.0319796	0.0136873	0.00806976	0.0590677	590	0	590	590	
2.5	2.75	3	26	16	3	36	21240	35	20650	0.0281821	0.00613483	0.0140642	0.0410677	590	0	590	590	
2.5	2.75	3	27	24	3	10	5900	10	5900	0.00336824	0.000674866	0.00306724	0.00506824	590	0	590	590	
2.5	2.75	3	28	26	3	36	21240	36	21240	0.0279293	0.00842114	0.0140687	0.0500657	590	0	590	590	
2.5	2.75	3	29	3	3	46	27140	47	27730	0.0265788	0.00868456	0.0110698	0.0510662	590	0	590	590	
2.5	2.75	3	30	25	3	38	22420	35	20650	0.0244402	0.00639419	0.0110698	0.0370682	590	0	590	590	
