% start	end	CellId	IMSI	RNTI	LCID	nTxPDUs	TxBytes	nRxPDUs	RxBytes	delay	stdDev	min	max	PduSize	stdDev	min	max
1	1.25	1	1	12	3	13	9009	12	7837	0.00416667	0.00272475	0.003	0.01	653.083	408.773	60	1620	
1	1.25	1	2	1	3	10	5453	10	5453	0.0072	0.00590292	0.003	0.017	545.3	344.865	60	1191	
1	1.25	1	3	14	3	10	9000	10	9000	0.0093	0.00221359	0.003	0.01	900	649.088	60	1620	
1	1.25	1	4	18	3	14	7842	10	5454	0.0051	0.00338132	0.003	0.01	545.4	171.481	60	648	
1	1.25	1	5	15	3	10	7767	9	6384	0.00766667	0.0035	0.003	0.01	709.333	483.832	60	1383	
1	1.25	1	6	23	3	10	9000	10	9000	0.0072	0.00361478	0.003	0.01	900	696.886	60	1620	
1	1.25	1	7	25	3	12	9004	12	9004	0.00416667	0.00404145	0.003	0.017	750.333	415.179	60	1191	
1	1.25	1	8	17	3	12	13158	11	11322	0.00490909	0.0032697	0.003	0.01	1029.27	564.903	60	1836	
1	1.25	1	9	26	3	12	10552	12	10552	0.00416667	0.00272475	0.003	0.01	879.333	407.302	60	1775	
1	1.25	1	10	3	3	11	9002	11	9002	0.00809091	0.0032697	0.003	0.01	818.364	388.395	60	1191	
1	1.25	1	11	24	3	10	9001	11	9315	0.00872727	0.00283164	0.003	0.01	846.818	603.235	60	1620	
1	1.25	1	12	4	3	10	9000	10	9000	0.0086	0.00295146	0.003	0.01	900	631.732	60	1620	
1	1.25	1	13	16	3	13	9008	13	9008	0.00676923	0.00363212	0.003	0.01	692.923	391.343	60	1383	
1	1.25	1	14	2	3	10	9000	10	9000	0.0051	0.00338132	0.003	0.01	900	649.088	60	1620	
1	1.25	1	15	13	3	16	9016	16	9016	0.0034375	0.00175	0.003	0.01	563.5	246.517	53	1184	
1	1.25	3	16	17	3	13	9007	11	6711	0.00554545	0.00566328	0.003	0.017	610.091	405.987	60	1191	
1	1.25	3	17	14	3	11	9003	11	9003	0.00809091	0.0032697	0.003	0.01	818.455	499.494	60	1383	
1	1.25	3	18	2	3	7	8994	7	8994	0.01	0	0.01	0.01	1284.86	693.56	60	1836	
1	1.25	3	19	1	3	11	9002	11	9002	0.00872727	0.00283164	0.003	0.01	818.364	549.593	15	1383	
1	1.25	3	20	29	3	14	8554	10	5454	0.0037	0.00221359	0.003	0.01	545.4	284.163	60	775	
1	1.25	3	21	15	3	7	8994	7	8994	0.008	0.00341565	0.003	0.01	1284.86	693.56	60	1836	
1	1.25	3	22	28	3	11	7228	10	6066	0.0044	0.00442719	0.003	0.017	606.6	433.38	60	1191	
1	1.25	3	23	30	3	15	8439	15	8439	0.00346667	0.00180739	0.003	0.01	562.6	255.142	53	1184	
1	1.25	3	24	23	3	11	6645	11	6645	0.00681818	0.00653939	0.003	0.017	604.091	355.678	60	1191	
1	1.25	3	25	4	3	10	9000	10	9000	0.0086	0.00295146	0.003	0.01	900	631.732	60	1620	
1	1.25	3	26	16	3	12	9006	12	9006	0.00708333	0.0036045	0.003	0.01	750.5	435.807	60	1383	
1	1.25	3	27	24	3	13	9008	13	9008	0.00569231	0.00354459	0.003	0.01	692.923	355.758	60	1383	
1	1.25	3	28	26	3	11	8857	11	8857	0.00745454	0.00353167	0.003	0.01	805.182	607.091	60	1620	
1	1.25	3	29	3	3	14	11556	14	11556	0.004	0.00254196	0.003	0.01	825.429	417.167	60	1383	
1	1.25	3	30	25	3	12	9004	12	9004	0.00475	0.00316587	0.003	0.01	750.333	359.404	60	1191	
1.25	1.5	1	1	12	3	30	18475	29	18453	0.00348276	0.00180517	0.003	0.01	636.31	234.681	139	1620	
1.25	1.5	1	2	1	3	27	14360	29	16742	0.00589655	0.00577151	0.003	0.017	577.31	319.398	334	1191	
1.25	1.5	1	3	14	3	31	19530	31	19530	0.00322581	0.00125724	0.003	0.01	630	183.736	597	1620	
1.25	1.5	1	4	18	3	32	19649	36	22037	0.003	0	0.003	0.003	612.139	188.864	139	1620	
1.25	1.5	1	5	15	3	23	14220	27	19677	0.00507407	0.00325725	0.003	0.01	728.778	409.009	469	1383	
1.25	1.5	1	6	23	3	32	19104	32	19104	0.003	0	0.003	0.003	597	0	597	597	
1.25	1.5	1	7	25	3	25	12835	26	14026	0.00515385	0.00515125	0.003	0.017	539.462	283.319	421	1191	
1.25	1.5	1	8	17	3	32	24425	33	26261	0.00321212	0.00121854	0.003	0.01	795.788	197.807	400	1836	
1.25	1.5	1	9	26	3	32	24800	32	24800	0.003	0	0.003	0.003	775	0	775	775	
1.25	1.5	1	10	3	3	34	21458	35	22621	0.0036	0.0019882	0.003	0.01	646.314	163.458	597	1191	
1.25	1.5	1	11	24	3	35	27039	34	26264	0.003	0	0.003	0.003	772.471	14.7489	689	775	
1.25	1.5	1	12	4	3	35	27884	35	27884	0.0032	0.00118322	0.003	0.01	796.686	143.994	689	1620	
1.25	1.5	1	13	16	3	35	20895	35	20895	0.003	0	0.003	0.003	597	0	597	597	
1.25	1.5	1	14	2	3	26	18894	28	22134	0.00425	0.00273015	0.003	0.01	790.5	397.961	597	1620	
1.25	1.5	1	15	13	3	34	20269	33	19672	0.003	0	0.003	0.003	596.121	5.04825	568	597	
1.25	1.5	3	16	17	3	28	12558	30	15538	0.00486667	0.00484044	0.003	0.017	517.933	251.864	421	1191	
1.25	1.5	3	17	14	3	26	15192	26	15192	0.00353846	0.00190223	0.003	0.01	584.308	296.193	469	1383	
1.25	1.5	3	18	2	3	26	20824	27	23779	0.00481481	0.00312603	0.003	0.01	880.704	507.209	597	1836	
1.25	1.5	3	19	1	3	34	26264	34	26264	0.003	0	0.003	0.003	772.471	14.7489	689	775	
1.25	1.5	3	20	29	3	31	23623	35	26723	0.003	0	0.003	0.003	763.514	54.9424	459	775	
1.25	1.5	3	21	15	3	35	26580	35	26580	0.003	0	0.003	0.003	759.429	92.1218	230	775	
1.25	1.5	3	22	28	3	18	8485	20	10838	0.0093	0.00987341	0.003	0.024	541.9	386.018	309	1191	
1.25	1.5	3	23	30	3	33	19681	33	19681	0.003	0	0.003	0.003	596.394	3.48155	577	597	
1.25	1.5	3	24	23	3	30	13400	30	14170	0.00393333	0.00355191	0.003	0.017	472.333	195.355	421	1191	
1.25	1.5	3	25	4	3	32	26332	34	29572	0.00382353	0.00228924	0.003	0.01	869.765	279.379	617	1620	
1.25	1.5	3	26	16	3	34	25144	34	25144	0.003	0	0.003	0.003	739.529	80.81	459	775	
1.25	1.5	3	27	24	3	35	27039	35	27039	0.003	0	0.003	0.003	772.543	14.5367	689	775	
1.25	1.5	3	28	26	3	32	19678	32	20701	0.0034375	0.00172154	0.003	0.01	646.906	267.302	148	1620	
1.25	1.5	3	29	3	3	31	26457	32	27840	0.003875	0.00235208	0.003	0.01	870	224.292	775	1383	
1.25	1.5	3	30	25	3	34	20298	34	20298	0.003	0	0.003	0.003	597	0	597	597	
1.5	1.75	1	1	12	3	32	19104	34	20298	0.003	0	0.003	0.003	597	0	597	597	
1.5	1.75	1	2	1	3	33	14663	32	13472	0.003	0	0.003	0.003	421	0	421	421	
1.5	1.75	1	3	14	3	34	20297	33	19700	0.003	0	0.003	0.003	596.97	0.174078	596	597	
1.5	1.75	1	4	18	3	34	20298	33	19701	0.003	0	0.003	0.003	597	0	597	597	
1.5	1.75	1	5	15	3	34	15946	33	15477	0.003	0	0.003	0.003	469	0	469	469	
1.5	1.75	1	6	23	3	33	19701	33	19701	0.003	0	0.003	0.003	597	0	597	597	
1.5	1.75	1	7	25	3	33	13893	33	13893	0.003	0	0.003	0.003	421	0	421	421	
1.5	1.75	1	8	17	3	33	25400	33	25400	0.003	0	0.003	0.003	769.697	30.4636	600	775	
1.5	1.75	1	9	26	3	34	26350	34	26350	0.003	0	0.003	0.003	775	0	775	775	
1.5	1.75	1	10	3	3	34	20298	34	20298	0.003	0	0.003	0.003	597	0	597	597	
1.5	1.75	1	11	24	3	32	24800	33	25575	0.003	0	0.003	0.003	775	0	775	775	
1.5	1.75	1	12	4	3	33	25575	33	25575	0.003	0	0.003	0.003	775	0	775	775	
1.5	1.75	1	13	16	3	33	19701	32	19104	0.003	0	0.003	0.003	597	0	597	597	
1.5	1.75	1	14	2	3	35	21917	34	20297	0.003	0	0.003	0.003	596.971	0.171499	596	597	
1.5	1.75	1	15	13	3	33	19701	34	20298	0.003	0	0.003	0.003	597	0	597	597	
1.5	1.75	3	16	17	3	33	13893	34	14314	0.003	0	0.003	0.003	421	0	421	421	
1.5	1.75	3	17	14	3	34	15946	33	15477	0.003	0	0.003	0.003	469	0	469	469	
1.5	1.75	3	18	2	3	34	21537	34	20298	0.003	0	0.003	0.003	597	0	597	597	
1.5	1.75	3	19	1	3	34	26350	34	26350	0.003	0	0.003	0.003	775	0	775	775	
1.5	1.75	3	20	29	3	34	26350	33	25575	0.003	0	0.003	0.003	775	0	775	775	
1.5	1.75	3	21	15	3	34	26350	34	26350	0.003	0	0.003	0.003	775	0	775	775	
1.5	1.75	3	22	28	3	33	10197	33	10197	0.003	0	0.003	0.003	309	0	309	309	
1.5	1.75	3	23	30	3	33	19701	33	19701	0.003	0	0.003	0.003	597	0	597	597	
1.5	1.75	3	24	23	3	33	13893	34	14314	0.003	0	0.003	0.003	421	0	421	421	
1.5	1.75	3	25	4	3	34	27195	33	25575	0.003	0	0.003	0.003	775	0	775	775	
1.5	1.75	3	26	16	3	30	19512	30	19512	0.003	0	0.003	0.003	650.4	82.9643	597	775	
1.5	1.75	3	27	24	3	32	24575	32	24575	0.003	0	0.003	0.003	767.969	32.9569	592	775	
1.5	1.75	3	28	26	3	33	19700	33	19700	0.003	0	0.003	0.003	596.97	0.174078	596	597	
1.5	1.75	3	29	3	3	34	26350	33	25575	0.003	0	0.003	0.003	775	0	775	775	
1.5	1.75	3	30	25	3	34	20298	34	20298	0.003	0	0.003	0.003	597	0	597	597	
1.75	2	1	1	12	3	34	22344	33	20724	0.00321212	0.00121854	0.003	0.01	628	178.081	597	1620	
1.75	2	1	2	1	3	26	16335	25	15914	0.00692	0.00641561	0.003	0.017	636.56	352.793	421	1191	
1.75	2	1	3	14	3	32	20127	33	20724	0.00321212	0.00121854	0.003	0.01	628	178.081	597	1620	
1.75	2	1	4	18	3	33	20724	33	20724	0.00321212	0.00121854	0.003	0.01	628	178.081	597	1620	
1.75	2	1	5	15	3	26	17986	26	17509	0.00461538	0.00300768	0.003	0.01	673.423	381.864	469	1383	
1.75	2	1	6	23	3	26	16414	25	15822	0.00356	0.00193821	0.003	0.01	632.88	206.341	512	1620	
1.75	2	1	7	25	3	32	14242	32	14242	0.0034375	0.00247487	0.003	0.017	445.063	136.118	421	1191	
1.75	2	1	8	17	3	15	8896	15	8896	0.003	0	0.003	0.003	593.067	206.243	230	775	
1.75	2	1	9	26	3	34	25614	34	25614	0.003	0	0.003	0.003	753.353	98.0992	230	775	
1.75	2	1	10	3	3	34	20298	34	20298	0.003	0	0.003	0.003	597	0	597	597	
1.75	2	1	11	24	3	36	27900	35	27125	0.003	0	0.003	0.003	775	0	775	775	
1.75	2	1	12	4	3	35	27125	35	27125	0.003	0	0.003	0.003	775	0	775	775	
1.75	2	1	13	16	3	35	20895	36	21492	0.003	0	0.003	0.003	597	0	597	597	
1.75	2	1	14	2	3	26	22683	26	22683	0.00488461	0.00316641	0.003	0.01	872.423	462.748	597	1620	
1.75	2	1	15	13	3	34	20298	34	20298	0.003	0	0.003	0.003	597	0	597	597	
1.75	2	3	16	17	3	22	15996	21	14613	0.009	0.00972111	0.003	0.024	695.857	445.319	421	1383	
1.75	2	3	17	14	3	33	15477	34	15946	0.003	0	0.003	0.003	469	0	469	469	
1.75	2	3	18	2	3	21	23348	21	23348	0.006	0.00354965	0.003	0.01	1111.81	611.945	597	1836	
1.75	2	3	19	1	3	31	24100	30	23325	0.00323333	0.00127802	0.003	0.01	777.5	135.256	411	1383	
1.75	2	3	20	29	3	32	24647	33	25422	0.003	0	0.003	0.003	770.364	26.6339	622	775	
1.75	2	3	21	15	3	32	24800	32	24800	0.003	0	0.003	0.003	775	0	775	775	
1.75	2	3	22	28	3	21	12663	20	11472	0.0093	0.00987341	0.003	0.024	573.6	414.683	309	1191	
1.75	2	3	23	30	3	34	20298	32	19104	0.003	0	0.003	0.003	597	0	597	597	
1.75	2	3	24	23	3	32	13472	32	13472	0.003	0	0.003	0.003	421	0	421	421	
1.75	2	3	25	4	3	29	24769	29	25205	0.00396552	0.00245652	0.003	0.01	869.138	316.983	411	1620	
1.75	2	3	26	16	3	32	19104	32	19104	0.003	0	0.003	0.003	597	0	597	597	
1.75	2	3	27	24	3	28	17192	28	17192	0.003	0	0.003	0.003	614	166.788	230	775	
1.75	2	3	28	26	3	33	19701	33	19701	0.003	0	0.003	0.003	597	0	597	597	
1.75	2	3	29	3	3	32	23901	33	24676	0.003	0	0.003	0.003	747.758	134.122	12	775	
1.75	2	3	30	25	3	32	19104	32	19104	0.003	0	0.003	0.003	597	0	597	597	
2	2.25	1	1	12	3	28	21831	28	21831	0.00425	0.00273015	0.003	0.01	779.679	398.992	597	1620	
2	2.25	1	2	1	3	22	16192	23	16613	0.00786956	0.00681779	0.003	0.017	722.304	384.238	421	1191	
2	2.25	1	3	14	3	31	21395	31	21395	0.00367742	0.00210376	0.003	0.01	690.161	311.07	417	1620	
2	2.25	1	4	18	3	31	19488	32	20085	0.0034375	0.00172154	0.003	0.01	627.656	181.136	577	1620	
2	2.25	1	5	15	3	25	8910	27	10448	0.00403704	0.0025341	0.003	0.01	386.963	203.064	33	946	
2	2.25	1	6	23	3	18	10658	21	12434	0.00466667	0.00305505	0.003	0.01	592.095	1.30018	589	597	
2	2.25	1	7	25	3	30	16480	29	15289	0.00493103	0.00491304	0.003	0.017	527.207	270.217	421	1191	
2	2.25	1	8	17	3	14	8302	14	8302	0.003	0	0.003	0.003	593	188.87	411	775	
2	2.25	1	9	26	3	36	26053	35	25278	0.003	0	0.003	0.003	722.229	129.489	230	775	
2	2.25	1	10	3	3	35	20508	35	20508	0.003	0	0.003	0.003	585.943	56.8657	262	597	
2	2.25	1	11	24	3	33	24448	34	25223	0.003	0	0.003	0.003	741.853	97.9518	411	775	
2	2.25	1	12	4	3	33	28062	32	27287	0.00365625	0.00207301	0.003	0.01	852.719	245.605	775	1620	
2	2.25	1	13	16	3	35	20895	35	20895	0.003	0	0.003	0.003	597	0	597	597	
2	2.25	1	14	2	3	25	22978	25	22978	0.00496	0.0032078	0.003	0.01	919.12	480.057	595	1620	
2	2.25	1	15	13	3	36	21492	36	21492	0.003	0	0.003	0.003	597	0	597	597	
2	2.25	3	16	17	3	21	15575	21	15575	0.009	0.00972111	0.003	0.024	741.667	464.69	421	1383	
2	2.25	3	17	14	3	34	19036	34	19036	0.00320588	0.00120049	0.003	0.01	559.882	158.888	469	1383	
2	2.25	3	18	2	3	16	16793	16	16793	0.007375	0.0035	0.003	0.01	1049.56	533.226	524	1836	
2	2.25	3	19	1	3	28	21486	29	22261	0.00348276	0.00180517	0.003	0.01	767.621	213.43	278	1383	
2	2.25	3	20	29	3	32	21852	31	21077	0.003	0	0.003	0.003	679.903	184.071	49	775	
2	2.25	3	21	15	3	27	22111	27	22111	0.00455555	0.00448359	0.003	0.017	818.926	371.773	230	2186	
2	2.25	3	22	28	3	17	12309	17	12309	0.0116471	0.0106533	0.003	0.024	724.059	453.785	309	1191	
2	2.25	3	23	30	3	30	18933	32	20127	0.00321875	0.00123744	0.003	0.01	628.969	180.843	597	1620	
2	2.25	3	24	23	3	32	14241	32	14241	0.0034375	0.00247487	0.003	0.017	445.031	136.124	420	1191	
2	2.25	3	25	4	3	27	23149	27	22713	0.0042963	0.00277093	0.003	0.01	841.222	344.85	97	1620	
2	2.25	3	26	16	3	33	19701	33	19701	0.003	0	0.003	0.003	597	0	597	597	
2	2.25	3	27	24	3	28	16604	28	16604	0.003	0	0.003	0.003	593	185.34	411	775	
2	2.25	3	28	26	3	32	19104	33	19701	0.003	0	0.003	0.003	597	0	597	597	
2	2.25	3	29	3	3	30	20941	30	20941	0.00346667	0.00177596	0.003	0.01	698.033	226.887	80	1383	
2	2.25	3	30	25	3	33	19293	32	18696	0.003	0	0.003	0.003	584.25	62.4066	244	597	
2.25	2.5	1	1	12	3	27	18575	26	18267	0.00434615	0.00281343	0.003	0.01	702.577	342.159	322	1620	
2.25	2.5	1	2	1	3	21	18851	21	18851	0.00966667	0.00716473	0.003	0.017	897.667	383.162	421	1191	
2.25	2.5	1	3	14	3	34	21271	34	21271	0.00320588	0.00120049	0.003	0.01	625.618	175.771	571	1620	
2.25	2.5	1	4	18	3	28	17202	28	17202	0.00325	0.00132288	0.003	0.01	614.357	214.169	151	1620	
2.25	2.5	1	5	15	3	25	9496	27	10338	0.00455555	0.00296561	0.003	0.01	382.889	254.231	125	1184	
2.25	2.5	1	6	23	3	18	10656	19	11248	0.00447368	0.00293198	0.003	0.01	592	0	592	592	
2.25	2.5	1	7	25	3	22	13263	23	14454	0.00786956	0.00681779	0.003	0.017	628.435	391.303	21	1191	
2.25	2.5	1	8	17	3	14	8302	14	8302	0.003	0	0.003	0.003	593	188.87	411	775	
2.25	2.5	1	9	26	3	35	26771	35	26771	0.003	0	0.003	0.003	764.886	42.9691	555	775	
2.25	2.5	1	10	3	3	33	20839	33	20839	0.00342424	0.00169614	0.003	0.01	631.485	140.78	583	1191	
2.25	2.5	1	11	24	3	36	27499	36	27499	0.003	0	0.003	0.003	763.861	66.8333	374	775	
2.25	2.5	1	12	4	3	29	26166	30	26941	0.00393333	0.00242022	0.003	0.01	898.033	293.534	775	1620	
2.25	2.5	1	13	16	3	35	20895	35	20895	0.003	0	0.003	0.003	597	0	597	597	
2.25	2.5	1	14	2	3	23	20161	23	20161	0.00513043	0.0032933	0.003	0.01	876.565	487.162	136	1620	
2.25	2.5	1	15	13	3	35	20895	34	20298	0.003	0	0.003	0.003	597	0	597	597	
2.25	2.5	3	16	17	3	18	12641	19	14024	0.0111053	0.010241	0.003	0.024	738.105	455.046	85	1383	
2.25	2.5	3	17	14	3	26	15750	25	14566	0.00356	0.00193821	0.003	0.01	582.64	213.599	469	1383	
2.25	2.5	3	18	2	3	13	16647	14	19661	0.008	0.00328165	0.003	0.01	1404.36	575.382	474	1836	
2.25	2.5	3	19	1	3	31	25013	31	25621	0.00390322	0.00238544	0.003	0.01	826.484	187.477	672	1383	
2.25	2.5	3	20	29	3	32	22946	33	23721	0.003	0	0.003	0.003	718.818	181.766	49	775	
2.25	2.5	3	21	15	3	29	23312	29	23312	0.00396552	0.00361033	0.003	0.017	803.862	198.749	411	1653	
2.25	2.5	3	22	28	3	15	10395	16	11586	0.0121875	0.0107593	0.003	0.024	724.125	442.675	272	1191	
2.25	2.5	3	23	30	3	33	19368	33	19368	0.003	0	0.003	0.003	586.909	48.1556	320	597	
2.25	2.5	3	24	23	3	29	13370	29	13370	0.00396552	0.00361033	0.003	0.017	461.034	214.056	42	1191	
2.25	2.5	3	25	4	3	22	21310	24	24550	0.005625	0.00346175	0.003	0.01	1022.92	373.028	567	1620	
2.25	2.5	3	26	16	3	34	20298	34	20298	0.003	0	0.003	0.003	597	0	597	597	
2.25	2.5	3	27	24	3	28	16604	28	16604	0.003	0	0.003	0.003	593	185.34	411	775	
2.25	2.5	3	28	26	3	33	19432	33	19432	0.003	0	0.003	0.003	588.848	42.5824	352	597	
2.25	2.5	3	29	3	3	30	24496	29	23721	0.00396552	0.00245652	0.003	0.01	817.966	241.008	262	1383	
2.25	2.5	3	30	25	3	32	19039	33	19636	0.003	0	0.003	0.003	595.03	4.12678	580	597	
2.5	2.75	1	1	12	3	32	20127	34	22055	0.00341176	0.00167183	0.003	0.01	648.676	251.407	308	1620	
2.5	2.75	1	2	1	3	19	18009	20	19200	0.0128	0.00658227	0.003	0.017	960	362.025	421	1191	
2.5	2.75	1	3	14	3	31	22599	31	22599	0.00390322	0.00238544	0.003	0.01	729	348.615	597	1620	
2.5	2.75	1	4	18	3	26	17795	27	18375	0.00403704	0.0025341	0.003	0.01	680.556	298.928	314	1620	
2.5	2.75	1	5	15	3	24	9498	24	10090	0.00475	0.00309628	0.003	0.01	420.417	181.805	125	717	
2.5	2.75	1	6	23	3	13	8288	13	8288	0.00353846	0.00194145	0.003	0.01	637.538	164.191	592	1184	
2.5	2.75	1	7	25	3	26	13704	26	14048	0.00623077	0.00601536	0.003	0.017	540.308	262.944	267	1191	
2.5	2.75	1	8	17	3	6	3556	6	3556	0.00416667	0.00285774	0.003	0.01	592.667	162.787	411	775	
2.5	2.75	1	9	26	3	36	27900	37	28675	0.003	0	0.003	0.003	775	0	775	775	
2.5	2.75	1	10	3	3	35	22677	34	22080	0.00361765	0.00201532	0.003	0.01	649.412	171.014	597	1191	
2.5	2.75	1	11	24	3	36	27900	36	27900	0.003	0	0.003	0.003	775	0	775	775	
2.5	2.75	1	12	4	3	30	24162	30	24162	0.00346667	0.00177596	0.003	0.01	805.4	242.417	361	1620	
2.5	2.75	1	13	16	3	38	22685	37	22088	0.003	0	0.003	0.003	596.973	0.164399	596	597	
2.5	2.75	1	14	2	3	19	20306	20	21926	0.00685	0.00357292	0.003	0.01	1096.3	499.714	597	1620	
2.5	2.75	1	15	13	3	37	22088	38	22685	0.003	0	0.003	0.003	596.974	0.162221	596	597	
2.5	2.75	3	16	17	3	19	11593	19	11593	0.0107368	0.0104075	0.003	0.024	610.158	367.79	148	1383	
2.5	2.75	3	17	14	3	26	16337	27	17521	0.00455555	0.00296561	0.003	0.01	648.926	346.745	469	1383	
2.5	2.75	3	18	2	3	17	20025	24	31638	0.00795833	0.00325014	0.003	0.01	1318.25	591.635	471	1836	
2.5	2.75	3	19	1	3	34	27962	34	27962	0.00361765	0.00201532	0.003	0.01	822.412	180.698	563	1383	
2.5	2.75	3	20	29	3	36	26890	36	26890	0.003	0	0.003	0.003	746.944	118.321	108	775	
2.5	2.75	3	21	15	3	36	27900	35	27125	0.003	0	0.003	0.003	775	0	775	775	
2.5	2.75	3	22	28	3	17	7478	17	7478	0.00670588	0.00825201	0.003	0.024	439.882	273.227	285	1191	
2.5	2.75	3	23	30	3	35	20859	34	20262	0.003	0	0.003	0.003	595.941	3.85291	577	597	
2.5	2.75	3	24	23	3	27	13634	27	13634	0.00455555	0.00448359	0.003	0.017	504.963	249.099	340	1191	
2.5	2.75	3	25	4	3	26	26854	27	28474	0.00559259	0.00344472	0.003	0.01	1054.59	456.424	182	1620	
2.5	2.75	3	26	16	3	36	21492	35	20895	0.003	0	0.003	0.003	597	0	597	597	
2.5	2.75	3	27	24	3	10	5928	10	5928	0.003	0	0.003	0.003	592.8	171.592	411	775	
2.5	2.75	3	28	26	3	33	21747	33	21747	0.00342424	0.00169614	0.003	0.01	659	247.879	597	1620	
2.5	2.75	3	29	3	3	32	27058	33	27833	0.00384848	0.00232004	0.003	0.01	843.424	205.733	601	1383	
2.5	2.75	3	30	25	3	35	20895	35	20895	0.003	0	0.003	0.003	597	0	597	597	
