% start	end	CellId	IMSI	RNTI	LCID	nTxPDUs	TxBytes	nRxPDUs	RxBytes	delay	stdDev	min	max	PduSize	stdDev	min	max
1	1.25	1	1	12	3	8	436	6	328	0.0150952	0.00614546	0.00992857	0.0259286	54.6667	1.63299	54	58	
1	1.25	1	2	1	3	6	328	6	328	0.0119286	0	0.0119286	0.0119286	54.6667	1.63299	54	58	
1	1.25	1	3	14	3	9	490	9	490	0.0119286	0	0.0119286	0.0119286	54.4444	1.33333	54	58	
1	1.25	1	4	18	3	6	328	6	328	0.0210952	0.00556477	0.0119286	0.0259286	54.6667	1.63299	54	58	
1	1.25	1	5	15	3	6	328	6	328	0.0119286	0	0.0119286	0.0119286	54.6667	1.63299	54	58	
1	1.25	1	6	23	3	9	490	8	436	0.0119286	0	0.0119286	0.0119286	54.5	1.41421	54	58	
1	1.25	1	7	25	3	9	490	9	490	0.011373	0.00113039	0.00892857	0.0119286	54.4444	1.33333	54	58	
1	1.25	1	8	17	3	9	490	9	490	0.0119286	0	0.0119286	0.0119286	54.4444	1.33333	54	58	
1	1.25	1	9	26	3	10	544	9	490	0.0108175	0.00220479	0.00692857	0.0119286	54.4444	1.33333	54	58	
1	1.25	1	10	3	3	9	490	9	490	0.0119286	0	0.0119286	0.0119286	54.4444	1.33333	54	58	
1	1.25	1	11	24	3	9	490	9	490	0.0110397	0.00231541	0.00492857	0.0119286	54.4444	1.33333	54	58	
1	1.25	1	12	4	3	9	490	9	490	0.0118175	0.000333333	0.0109286	0.0119286	54.4444	1.33333	54	58	
1	1.25	1	13	16	3	9	490	9	490	0.011373	0.00166667	0.00692857	0.0119286	54.4444	1.33333	54	58	
1	1.25	1	14	2	3	9	490	9	490	0.0112619	0.00132288	0.00892857	0.0119286	54.4444	1.33333	54	58	
1	1.25	1	15	13	3	9	490	6	328	0.0175952	0.00524087	0.0119286	0.0259286	54.6667	1.63299	54	58	
1	1.25	3	16	17	3	7	382	6	328	0.0110952	0.00204124	0.00692857	0.0119286	54.6667	1.63299	54	58	
1	1.25	3	17	14	3	9	490	8	436	0.0110536	0.00247487	0.00492857	0.0119286	54.5	1.41421	54	58	
1	1.25	3	18	2	3	9	490	9	490	0.0119286	0	0.0119286	0.0119286	54.4444	1.33333	54	58	
1	1.25	3	19	1	3	9	490	9	490	0.0115952	0.001	0.00892857	0.0119286	54.4444	1.33333	54	58	
1	1.25	3	20	29	3	6	328	6	328	0.0222619	0.00575036	0.0119286	0.0259286	54.6667	1.63299	54	58	
1	1.25	3	21	15	3	9	490	9	490	0.0119286	0	0.0119286	0.0119286	54.4444	1.33333	54	58	
1	1.25	3	22	28	3	6	328	6	328	0.0165952	0.00361478	0.0119286	0.0189286	54.6667	1.63299	54	58	
1	1.25	3	23	30	3	8	436	7	382	0.0147857	0.00561036	0.0109286	0.0259286	54.5714	1.51186	54	58	
1	1.25	3	24	23	3	7	382	6	328	0.0119286	0	0.0119286	0.0119286	54.6667	1.63299	54	58	
1	1.25	3	25	4	3	9	490	9	490	0.0118175	0.000333333	0.0109286	0.0119286	54.4444	1.33333	54	58	
1	1.25	3	26	16	3	9	490	8	436	0.0106786	0.00254951	0.00492857	0.0119286	54.5	1.41421	54	58	
1	1.25	3	27	24	3	9	490	9	490	0.0107063	0.00243812	0.00592857	0.0119286	54.4444	1.33333	54	58	
1	1.25	3	28	26	3	8	436	8	436	0.0110536	0.00247487	0.00492857	0.0119286	54.5	1.41421	54	58	
1	1.25	3	29	3	3	11	598	9	490	0.0119286	0	0.0119286	0.0119286	54.4444	1.33333	54	58	
1	1.25	3	30	25	3	9	490	9	490	0.0117063	0.000440959	0.0109286	0.0119286	54.4444	1.33333	54	58	
1.25	1.5	1	1	12	3	15	810	16	864	0.0201786	0.00648588	0.00992857	0.0259286	54	0	54	54	
1.25	1.5	1	2	1	3	12	648	11	594	0.0113831	0.00121356	0.00892857	0.0119286	54	0	54	54	
1.25	1.5	1	3	14	3	16	864	15	810	0.0114619	0.00180739	0.00492857	0.0119286	54	0	54	54	
1.25	1.5	1	4	18	3	18	972	16	864	0.0227411	0.00483348	0.0119286	0.0329286	54	0	54	54	
1.25	1.5	1	5	15	3	13	702	13	702	0.0113901	0.00194145	0.00492857	0.0119286	54	0	54	54	
1.25	1.5	1	6	23	3	16	864	16	864	0.0119286	0	0.0119286	0.0119286	54	0	54	54	
1.25	1.5	1	7	25	3	10	540	10	540	0.0114286	0.00158114	0.00692857	0.0119286	54	0	54	54	
1.25	1.5	1	8	17	3	24	1296	22	1188	0.0106558	0.00241388	0.00592857	0.0119286	54	0	54	54	
1.25	1.5	1	9	26	3	21	1134	22	1188	0.0104286	0.00263222	0.00492857	0.0119286	54	0	54	54	
1.25	1.5	1	10	3	3	18	972	17	918	0.0113403	0.00180481	0.00492857	0.0119286	54	0	54	54	
1.25	1.5	1	11	24	3	22	1188	21	1134	0.011881	0.00182965	0.00892857	0.0189286	54	0	54	54	
1.25	1.5	1	12	4	3	23	1242	22	1188	0.0106104	0.00231735	0.00592857	0.0119286	54	0	54	54	
1.25	1.5	1	13	16	3	17	918	16	864	0.0115536	0.0015	0.00592857	0.0119286	54	0	54	54	
1.25	1.5	1	14	2	3	15	810	15	810	0.0114619	0.00180739	0.00492857	0.0119286	54	0	54	54	
1.25	1.5	1	15	13	3	16	864	19	1026	0.0178759	0.0056615	0.0119286	0.0259286	54	0	54	54	
1.25	1.5	3	16	17	3	12	648	12	648	0.0110952	0.00212489	0.00492857	0.0119286	54	0	54	54	
1.25	1.5	3	17	14	3	12	648	13	702	0.0110055	0.0022532	0.00592857	0.0119286	54	0	54	54	
1.25	1.5	3	18	2	3	17	918	16	864	0.0113661	0.00163172	0.00592857	0.0119286	54	0	54	54	
1.25	1.5	3	19	1	3	22	1188	20	1080	0.0105286	0.00228035	0.00592857	0.0119286	54	0	54	54	
1.25	1.5	3	20	29	3	22	1188	19	1026	0.0219812	0.00492695	0.0119286	0.0259286	54	0	54	54	
1.25	1.5	3	21	15	3	22	1188	21	1134	0.0110714	0.00210442	0.00492857	0.0119286	54	0	54	54	
1.25	1.5	3	22	28	3	8	432	7	378	0.0250714	0.0048795	0.0189286	0.0329286	54	0	54	54	
1.25	1.5	3	23	30	3	17	918	17	918	0.0193403	0.00578855	0.0119286	0.0259286	54	0	54	54	
1.25	1.5	3	24	23	3	10	540	11	594	0.0119286	0	0.0119286	0.0119286	54	0	54	54	
1.25	1.5	3	25	4	3	22	1188	20	1080	0.0114786	0.00139454	0.00592857	0.0119286	54	0	54	54	
1.25	1.5	3	26	16	3	21	1134	20	1080	0.0108286	0.00197084	0.00492857	0.0119286	54	0	54	54	
1.25	1.5	3	27	24	3	22	1188	22	1188	0.0109286	0.002	0.00592857	0.0119286	54	0	54	54	
1.25	1.5	3	28	26	3	16	864	16	864	0.0119911	0.00025	0.0119286	0.0129286	54	0	54	54	
1.25	1.5	3	29	3	3	22	1188	23	1242	0.011059	0.00284931	0.00492857	0.0189286	54	0	54	54	
1.25	1.5	3	30	25	3	17	918	16	864	0.0115536	0.00178419	0.00492857	0.0129286	54	0	54	54	
1.5	1.75	1	1	12	3	24	1496	23	1394	0.0144068	0.00522119	0.0109286	0.0259286	60.6087	7.8725	54	78	
1.5	1.75	1	2	1	3	11	594	12	648	0.0119286	0	0.0119286	0.0119286	54	0	54	54	
1.5	1.75	1	3	14	3	25	1686	25	1662	0.00968857	0.00333267	0.00492857	0.0119286	66.48	11.3325	54	78	
1.5	1.75	1	4	18	3	23	1386	24	1416	0.0153036	0.0070576	0.00792857	0.0259286	59	6.5938	54	78	
1.5	1.75	1	5	15	3	15	834	15	834	0.0109952	0.00246306	0.00492857	0.0119286	55.6	3.31231	54	62	
1.5	1.75	1	6	23	3	25	1734	25	1710	0.0103286	0.00238048	0.00692857	0.0119286	68.4	11.0755	54	78	
1.5	1.75	1	7	25	3	12	648	11	594	0.0119286	0	0.0119286	0.0119286	54	0	54	54	
1.5	1.75	1	8	17	3	40	2904	40	2856	0.0100536	0.00201517	0.00692857	0.0119286	71.4	8.66706	54	78	
1.5	1.75	1	9	26	3	39	2770	37	2646	0.0101988	0.00200899	0.00792857	0.0119286	71.5135	8.60756	54	78	
1.5	1.75	1	10	3	3	28	2016	27	1914	0.0104471	0.00196841	0.00792857	0.0119286	70.8889	10.2482	54	78	
1.5	1.75	1	11	24	3	37	2694	38	2748	0.0109023	0.00119655	0.00892857	0.0119286	72.3158	9.09442	54	78	
1.5	1.75	1	12	4	3	43	2954	42	2884	0.0087619	0.0030597	0.00492857	0.0119286	68.6667	7.68485	54	78	
1.5	1.75	1	13	16	3	26	1836	27	1890	0.0100026	0.00257093	0.00592857	0.0119286	70	10.641	54	78	
1.5	1.75	1	14	2	3	24	1560	22	1404	0.0116558	0.000455842	0.0109286	0.0119286	63.8182	11.0222	54	78	
1.5	1.75	1	15	13	3	25	1646	23	1490	0.0137547	0.00514032	0.00892857	0.0259286	64.7826	10.6811	54	78	
1.5	1.75	3	16	17	3	12	648	12	648	0.0119286	0	0.0119286	0.0119286	54	0	54	54	
1.5	1.75	3	17	14	3	16	904	15	842	0.0112619	0.00175933	0.00692857	0.0119286	56.1333	3.6619	54	62	
1.5	1.75	3	18	2	3	26	1836	27	1890	0.0101138	0.00241847	0.00692857	0.0119286	70	10.641	54	78	
1.5	1.75	3	19	1	3	39	2818	39	2802	0.0107491	0.00183349	0.00692857	0.0119286	71.8462	8.88979	54	78	
1.5	1.75	3	20	29	3	36	2488	37	2494	0.0150637	0.00603767	0.00892857	0.0259286	67.4054	10.3373	54	78	
1.5	1.75	3	21	15	3	39	2730	37	2550	0.0118745	0.000229243	0.0109286	0.0119286	68.9189	9.64474	54	78	
1.5	1.75	3	22	28	3	9	486	9	486	0.0165952	0.0035	0.0119286	0.0189286	54	0	54	54	
1.5	1.75	3	23	30	3	23	1490	22	1388	0.0137013	0.0055629	0.00792857	0.0259286	63.0909	10.2674	54	78	
1.5	1.75	3	24	23	3	12	648	12	648	0.0119286	0	0.0119286	0.0119286	54	0	54	54	
1.5	1.75	3	25	4	3	38	2708	39	2754	0.0115952	0.000477567	0.0109286	0.0119286	70.6154	9.24695	54	78	
1.5	1.75	3	26	16	3	27	1938	27	1890	0.00881746	0.00354459	0.00492857	0.0119286	70	10.641	54	78	
1.5	1.75	3	27	24	3	40	2808	39	2738	0.00972344	0.00231902	0.00692857	0.0119286	70.2051	7.67491	54	78	
1.5	1.75	3	28	26	3	25	1662	25	1662	0.0121686	0.00247117	0.00992857	0.0189286	66.48	11.3325	54	78	
1.5	1.75	3	29	3	3	43	3074	42	3004	0.0100714	0.00192	0.00792857	0.0119286	71.5238	7.94873	54	78	
1.5	1.75	3	30	25	3	27	1914	26	1812	0.0109286	0.00141421	0.00892857	0.0119286	69.6923	10.7285	54	78	
1.75	2	1	1	12	3	35	2498	34	2468	0.0180168	0.00498706	0.00692857	0.0259286	72.5882	7.29515	62	78	
1.75	2	1	2	1	3	24	1736	24	1736	0.0110952	0.00205715	0.00492857	0.0119286	72.3333	8.66109	54	78	
1.75	2	1	3	14	3	34	2524	35	2602	0.0105857	0.00201382	0.00492857	0.0119286	74.3429	4.04346	70	78	
1.75	2	1	4	18	3	35	2522	35	2538	0.0158714	0.00631032	0.00492857	0.0259286	72.5143	7.45722	62	78	
1.75	2	1	5	15	3	30	2292	28	2136	0.0107857	0.00246027	0.00492857	0.0139286	76.2857	3.9894	62	78	
1.75	2	1	6	23	3	27	2106	28	2184	0.0102857	0.00269725	0.00492857	0.0119286	78	0	78	78	
1.75	2	1	7	25	3	24	1824	24	1800	0.0106786	0.00236367	0.00492857	0.0119286	75	6.5938	54	78	
1.75	2	1	8	17	3	15	1170	15	1170	0.0117952	0.000351866	0.0109286	0.0119286	78	0	78	78	
1.75	2	1	9	26	3	35	2290	36	2360	0.00923413	0.00303145	0.00492857	0.0119286	65.5556	9.83418	54	78	
1.75	2	1	10	3	3	34	2316	35	2402	0.0100429	0.00233605	0.00492857	0.0119286	68.6286	7.38474	62	78	
1.75	2	1	11	24	3	46	3124	44	3000	0.0097013	0.00263133	0.00492857	0.0119286	68.1818	6.42406	62	78	
1.75	2	1	12	4	3	45	2902	45	2902	0.00995079	0.00262409	0.00492857	0.0129286	64.4889	3.74543	62	70	
1.75	2	1	13	16	3	36	2608	34	2460	0.0101933	0.00230031	0.00492857	0.0119286	72.3529	4.19149	62	78	
1.75	2	1	14	2	3	38	2828	39	2914	0.0106209	0.00253558	0.00492857	0.0129286	74.7179	3.98648	70	78	
1.75	2	1	15	13	3	34	2412	35	2506	0.0155	0.0076246	0.00492857	0.0329286	71.6	7.71248	62	78	
1.75	2	3	16	17	3	25	1902	25	1878	0.0113286	0.00217945	0.00492857	0.0129286	75.12	6.4828	54	78	
1.75	2	3	17	14	3	27	2058	26	1988	0.0109286	0.00181108	0.00692857	0.0119286	76.4615	3.93173	62	78	
1.75	2	3	18	2	3	40	2800	39	2738	0.011544	0.000906566	0.00692857	0.0119286	70.2051	5.9435	54	78	
1.75	2	3	19	1	3	32	2008	34	2132	0.0113992	0.00137588	0.00692857	0.0129286	62.7059	6.64023	54	70	
1.75	2	3	20	29	3	38	2380	35	2194	0.0157	0.00563125	0.00692857	0.0259286	62.6857	6.54294	54	78	
1.75	2	3	21	15	3	42	2940	42	2940	0.0105952	0.00192121	0.00592857	0.0119286	70	7.70176	62	78	
1.75	2	3	22	28	3	11	626	12	680	0.0195952	0.00630055	0.0119286	0.0259286	56.6667	5.21071	54	70	
1.75	2	3	23	30	3	32	2320	32	2352	0.0147098	0.00646945	0.00492857	0.0259286	73.5	7.02071	62	78	
1.75	2	3	24	23	3	21	1462	20	1384	0.0113786	0.00143178	0.00692857	0.0119286	69.2	8.95368	54	78	
1.75	2	3	25	4	3	35	2186	36	2248	0.0105119	0.0025453	0.00492857	0.0119286	62.4444	6.60928	54	70	
1.75	2	3	26	16	3	32	2088	34	2244	0.0092521	0.00298197	0.00492857	0.0119286	66	6.30536	62	78	
1.75	2	3	27	24	3	29	1814	28	1760	0.0109643	0.00179469	0.00592857	0.0119286	62.8571	2.51976	62	70	
1.75	2	3	28	26	3	33	2358	32	2296	0.0107098	0.00191319	0.00492857	0.0119286	71.75	7.53058	62	78	
1.75	2	3	29	3	3	39	2618	39	2634	0.0105696	0.0020064	0.00592857	0.0119286	67.5385	7.81983	54	78	
1.75	2	3	30	25	3	32	2184	34	2340	0.0103109	0.00244967	0.00492857	0.0119286	68.8235	7.66128	62	78	
2	2.25	1	1	12	3	32	2032	34	2164	0.0191933	0.00493785	0.00692857	0.0259286	63.6471	5.12795	54	70	
2	2.25	1	2	1	3	28	1984	27	1922	0.0115952	0.0011094	0.00692857	0.0119286	71.1852	3.64836	62	78	
2	2.25	1	3	14	3	33	2326	33	2326	0.011171	0.00139262	0.00692857	0.0119286	70.4848	9.15192	54	78	
2	2.25	1	4	18	3	32	1952	31	1906	0.0179608	0.00652934	0.00492857	0.0259286	61.4839	1.99785	54	62	
2	2.25	1	5	15	3	17	1326	18	1404	0.0114286	0.00104319	0.00892857	0.0119286	78	0	78	78	
2	2.25	1	6	23	3	19	1482	18	1404	0.0116508	0.00117851	0.00692857	0.0119286	78	0	78	78	
2	2.25	1	7	25	3	26	1708	27	1786	0.011373	0.00160128	0.00492857	0.0119286	66.1481	6.79198	62	78	
2	2.25	1	8	17	3	14	1092	16	1248	0.0117411	0.000543906	0.00992857	0.0119286	78	0	78	78	
2	2.25	1	9	26	3	21	1134	22	1188	0.0114286	0.00126303	0.00692857	0.0119286	54	0	54	54	
2	2.25	1	10	3	3	27	1810	27	1826	0.0106693	0.00215893	0.00492857	0.0119286	67.6296	11.2733	54	78	
2	2.25	1	11	24	3	24	1320	25	1390	0.0117686	0.00268763	0.00692857	0.0189286	55.6	3.26599	54	62	
2	2.25	1	12	4	3	46	2852	47	2914	0.0109711	0.00173152	0.00592857	0.0119286	62	0	62	62	
2	2.25	1	13	16	3	35	2266	35	2290	0.0105	0.00206206	0.00492857	0.0129286	65.4286	4.46085	62	78	
2	2.25	1	14	2	3	33	2278	34	2348	0.0111933	0.00179745	0.00492857	0.0119286	69.0588	8.30094	54	78	
2	2.25	1	15	13	3	36	2504	35	2442	0.0167286	0.00623934	0.00492857	0.0279286	69.7714	7.38474	62	78	
2	2.25	3	16	17	3	26	1716	24	1584	0.0119702	0.00116018	0.00992857	0.0149286	66	6.67246	62	78	
2	2.25	3	17	14	3	32	2064	33	2126	0.00983766	0.00271988	0.00492857	0.0119286	64.4242	3.73355	62	70	
2	2.25	3	18	2	3	23	1362	24	1424	0.0117202	0.00072106	0.00892857	0.0119286	59.3333	3.85235	54	62	
2	2.25	3	19	1	3	20	1096	19	1042	0.0112444	0.00163478	0.00592857	0.0119286	54.8421	2.52241	54	62	
2	2.25	3	20	29	3	19	1042	24	1384	0.0192619	0.00618319	0.00692857	0.0259286	57.6667	6.23222	54	70	
2	2.25	3	21	15	3	22	1252	25	1486	0.0113686	0.00126095	0.00692857	0.0119286	59.44	8.8604	54	78	
2	2.25	3	22	28	3	21	1630	18	1396	0.0219841	0.00674295	0.00492857	0.0259286	77.5556	1.88562	70	78	
2	2.25	3	23	30	3	32	2232	33	2302	0.0183831	0.00606265	0.00592857	0.0259286	69.7576	7.87016	54	78	
2	2.25	3	24	23	3	24	1704	24	1720	0.0106369	0.00245798	0.00492857	0.0119286	71.6667	7.81674	62	78	
2	2.25	3	25	4	3	19	1026	18	972	0.0112619	0.0018471	0.00492857	0.0119286	54	0	54	54	
2	2.25	3	26	16	3	33	2318	32	2240	0.00983482	0.00258231	0.00492857	0.0119286	70	4.064	62	78	
2	2.25	3	27	24	3	28	1736	28	1736	0.0116429	0.000599824	0.00992857	0.0119286	62	0	62	62	
2	2.25	3	28	26	3	29	1894	29	1902	0.01017	0.00260021	0.00492857	0.0119286	65.5862	5.88896	54	70	
2	2.25	3	29	3	3	17	918	18	972	0.0119841	0.00201384	0.00792857	0.0189286	54	0	54	54	
2	2.25	3	30	25	3	26	1660	26	1660	0.0100055	0.00257563	0.00492857	0.0119286	63.8462	7.26467	54	70	
2.25	2.5	1	1	12	3	16	864	15	810	0.0165286	0.00642317	0.00892857	0.0259286	54	0	54	54	
2.25	2.5	1	2	1	3	17	926	18	988	0.0109286	0.00230089	0.00592857	0.0119286	54.8889	2.58705	54	62	
2.25	2.5	1	3	14	3	18	972	17	918	0.0119286	0	0.0119286	0.0119286	54	0	54	54	
2.25	2.5	1	4	18	3	15	810	16	864	0.0188661	0.00525952	0.0109286	0.0259286	54	0	54	54	
2.25	2.5	1	5	15	3	16	1248	15	1170	0.0119286	0	0.0119286	0.0119286	78	0	78	78	
2.25	2.5	1	6	23	3	18	1404	18	1404	0.0119286	0	0.0119286	0.0119286	78	0	78	78	
2.25	2.5	1	7	25	3	22	1316	20	1208	0.0110286	0.00197084	0.00592857	0.0119286	60.4	3.28313	54	62	
2.25	2.5	1	8	17	3	14	1092	14	1092	0.0119286	0	0.0119286	0.0119286	78	0	78	78	
2.25	2.5	1	9	26	3	23	1242	22	1188	0.0114286	0.00147196	0.00692857	0.0119286	54	0	54	54	
2.25	2.5	1	10	3	3	18	972	18	972	0.0119286	0	0.0119286	0.0119286	54	0	54	54	
2.25	2.5	1	11	24	3	23	1242	21	1134	0.0115952	0.00233095	0.00592857	0.0189286	54	0	54	54	
2.25	2.5	1	12	4	3	46	2852	44	2728	0.0106786	0.00217945	0.00492857	0.0119286	62	0	62	62	
2.25	2.5	1	13	16	3	35	2170	35	2170	0.00941429	0.00268297	0.00492857	0.0119286	62	0	62	62	
2.25	2.5	1	14	2	3	20	1080	19	1026	0.0112444	0.00166842	0.00692857	0.0119286	54	0	54	54	
2.25	2.5	1	15	13	3	34	2108	34	2108	0.0177815	0.00674259	0.00492857	0.0329286	62	0	62	62	
2.25	2.5	3	16	17	3	20	1200	23	1410	0.0116242	0.00087567	0.00892857	0.0119286	61.3043	4.77146	54	70	
2.25	2.5	3	17	14	3	16	904	17	974	0.0109286	0.00215058	0.00492857	0.0119286	57.2941	4.94678	54	70	
2.25	2.5	3	18	2	3	13	702	12	648	0.0117619	0.000389249	0.0109286	0.0119286	54	0	54	54	
2.25	2.5	3	19	1	3	21	1134	20	1080	0.0107286	0.00230788	0.00492857	0.0119286	54	0	54	54	
2.25	2.5	3	20	29	3	20	1080	18	972	0.0197619	0.00540425	0.0119286	0.0259286	54	0	54	54	
2.25	2.5	3	21	15	3	20	1080	17	918	0.0110462	0.00208813	0.00492857	0.0119286	54	0	54	54	
2.25	2.5	3	22	28	3	20	1560	23	1794	0.0158416	0.00608211	0.00592857	0.0259286	78	0	78	78	
2.25	2.5	3	23	30	3	17	918	16	864	0.0202411	0.0065393	0.0119286	0.0259286	54	0	54	54	
2.25	2.5	3	24	23	3	23	1530	21	1382	0.010881	0.00210894	0.00492857	0.0119286	65.8095	4.09413	62	70	
2.25	2.5	3	25	4	3	20	1080	21	1134	0.0118333	0.000436436	0.00992857	0.0119286	54	0	54	54	
2.25	2.5	3	26	16	3	24	1520	24	1544	0.0106786	0.00232659	0.00492857	0.0119286	64.3333	10.9333	54	78	
2.25	2.5	3	27	24	3	28	1736	30	1860	0.0115286	0.000894427	0.00792857	0.0119286	62	0	62	62	
2.25	2.5	3	28	26	3	17	918	17	918	0.0119286	0	0.0119286	0.0119286	54	0	54	54	
2.25	2.5	3	29	3	3	20	1080	20	1080	0.0117786	0.00067082	0.00892857	0.0119286	54	0	54	54	
2.25	2.5	3	30	25	3	17	918	16	864	0.0119286	0	0.0119286	0.0119286	54	0	54	54	
2.5	2.75	1	1	12	3	18	972	19	1026	0.0180338	0.00639353	0.0119286	0.0259286	54	0	54	54	
2.5	2.75	1	2	1	3	16	864	16	864	0.0108036	0.00192787	0.00692857	0.0119286	54	0	54	54	
2.5	2.75	1	3	14	3	19	1026	19	1026	0.0116654	0.001408	0.00592857	0.0129286	54	0	54	54	
2.5	2.75	1	4	18	3	15	810	15	810	0.0215952	0.00571548	0.0119286	0.0259286	54	0	54	54	
2.5	2.75	1	5	15	3	15	1170	15	1170	0.0117952	0.00063994	0.00992857	0.0129286	78	0	78	78	
2.5	2.75	1	6	23	3	13	990	14	1068	0.0119286	0	0.0119286	0.0119286	76.2857	6.41427	54	78	
2.5	2.75	1	7	25	3	11	594	12	648	0.0117619	0.00057735	0.00992857	0.0119286	54	0	54	54	
2.5	2.75	1	8	17	3	5	366	5	366	0.0103286	0.00304959	0.00492857	0.0119286	73.2	10.7331	54	78	
2.5	2.75	1	9	26	3	24	1296	24	1296	0.0114702	0.00117877	0.00692857	0.0119286	54	0	54	54	
2.5	2.75	1	10	3	3	18	972	18	972	0.0118175	0.000471405	0.00992857	0.0119286	54	0	54	54	
2.5	2.75	1	11	24	3	23	1242	25	1350	0.0114486	0.00278568	0.00492857	0.0189286	54	0	54	54	
2.5	2.75	1	12	4	3	40	2472	43	2658	0.0103007	0.00239069	0.00492857	0.0119286	61.814	1.21999	54	62	
2.5	2.75	1	13	16	3	38	2356	39	2418	0.0102106	0.00223546	0.00492857	0.0119286	62	0	62	62	
2.5	2.75	1	14	2	3	18	972	19	1026	0.0114549	0.00126352	0.00792857	0.0119286	54	0	54	54	
2.5	2.75	1	15	13	3	39	2418	34	2108	0.0170462	0.00600386	0.00492857	0.0259286	62	0	62	62	
2.5	2.75	3	16	17	3	9	486	9	486	0.0119286	0	0.0119286	0.0119286	54	0	54	54	
2.5	2.75	3	17	14	3	14	756	13	702	0.0119286	0	0.0119286	0.0119286	54	0	54	54	
2.5	2.75	3	18	2	3	19	1026	20	1080	0.0114286	0.00123544	0.00792857	0.0119286	54	0	54	54	
2.5	2.75	3	19	1	3	23	1242	24	1296	0.0105536	0.00235561	0.00492857	0.0119286	54	0	54	54	
2.5	2.75	3	20	29	3	22	1188	22	1188	0.0185649	0.00554244	0.0119286	0.0259286	54	0	54	54	
2.5	2.75	3	21	15	3	23	1242	25	1350	0.0113686	0.00166032	0.00492857	0.0119286	54	0	54	54	
2.5	2.75	3	22	28	3	12	936	11	858	0.0191104	0.00702593	0.0119286	0.0259286	78	0	78	78	
2.5	2.75	3	23	30	3	17	918	18	972	0.0216508	0.00544281	0.0119286	0.0259286	54	0	54	54	
2.5	2.75	3	24	23	3	12	672	15	882	0.0113952	0.00124595	0.00792857	0.0119286	58.8	7.28207	54	70	
2.5	2.75	3	25	4	3	22	1188	22	1188	0.0115195	0.00118157	0.00792857	0.0119286	54	0	54	54	
2.5	2.75	3	26	16	3	18	972	18	972	0.0119286	0	0.0119286	0.0119286	54	0	54	54	
2.5	2.75	3	27	24	3	9	550	9	550	0.0115952	0.000707107	0.00992857	0.0119286	61.1111	2.66667	54	62	
2.5	2.75	3	28	26	3	18	972	18	972	0.0115397	0.00164992	0.00492857	0.0119286	54	0	54	54	
2.5	2.75	3	29	3	3	24	1296	24	1296	0.0108452	0.00233902	0.00492857	0.0119286	54	0	54	54	
2.5	2.75	3	30	25	3	17	918	17	918	0.0119286	0	0.0119286	0.0119286	54	0	54	54	
