% time	cellId	IMSI	RNTI	sinrLinear	componentCarrierId
0.321	1	2	1	5.69124	0
0.321	2	2	1	5.69124	1
0.321	3	19	1	2.48012	0
0.321	4	19	1	2.48012	1
0.322	1	14	2	3.40389	0
0.322	2	14	2	3.40389	1
0.322	3	18	2	7.72009	0
0.322	4	18	2	7.72009	1
0.323	1	10	3	4.80519	0
0.323	2	10	3	4.80519	1
0.323	3	29	3	8.81569	0
0.323	4	29	3	8.81569	1
0.324	1	12	4	10.942	0
0.324	2	12	4	10.942	1
0.324	3	25	4	5.25226	0
0.324	4	25	4	5.25226	1
0.332	1	1	12	1175.67	0
0.332	2	1	12	1175.67	1
0.333	1	15	13	506.253	0
0.333	2	15	13	506.253	1
0.334	1	3	14	6.73027	0
0.334	2	3	14	6.73027	1
0.334	3	17	14	3.25793	0
0.334	4	17	14	3.25793	1
0.335	1	5	15	3.05415	0
0.335	2	5	15	3.05415	1
0.335	3	21	15	8.82273	0
0.335	4	21	15	8.82273	1
0.336	1	13	16	6.79772	0
0.336	2	13	16	6.79772	1
0.336	3	26	16	5.52065	0
0.336	4	26	16	5.52065	1
0.337	1	8	17	4.95018	0
0.337	2	8	17	4.95018	1
0.337	3	16	17	2.65065	0
0.337	4	16	17	2.65065	1
0.338	1	4	18	1148.76	0
0.338	2	4	18	1148.76	1
0.343	1	6	23	5.0241	0
0.343	2	6	23	5.0241	1
0.343	3	24	23	2.67341	0
0.343	4	24	23	2.67341	1
0.344	1	11	24	10.7014	0
0.344	2	11	24	10.7014	1
0.344	3	27	24	6.33894	0
0.344	4	27	24	6.33894	1
0.345	1	7	25	5.92595	0
0.345	2	7	25	5.92595	1
0.345	3	30	25	1.80681	0
0.345	4	30	25	1.80681	1
0.346	1	9	26	6.45587	0
0.346	2	9	26	6.45587	1
0.346	3	28	26	7.68039	0
0.346	4	28	26	7.68039	1
0.348	3	22	28	535.982	0
0.348	4	22	28	535.982	1
0.349	3	20	29	1768.88	0
0.349	4	20	29	1768.88	1
0.35	3	23	30	1336.24	0
0.35	4	23	30	1336.24	1
0.401	1	2	1	5.61061	0
0.401	2	2	1	5.61061	1
0.401	3	19	1	2.47365	0
0.401	4	19	1	2.47365	1
0.402	1	14	2	3.37508	0
0.402	2	14	2	3.37508	1
0.402	3	18	2	7.68347	0
0.402	4	18	2	7.68347	1
0.403	1	10	3	4.91088	0
0.403	2	10	3	4.91088	1
0.403	3	29	3	8.63393	0
0.403	4	29	3	8.63393	1
0.404	1	12	4	11.0218	0
0.404	2	12	4	11.0218	1
0.404	3	25	4	5.31769	0
0.404	4	25	4	5.31769	1
0.412	1	1	12	1169.23	0
0.412	2	1	12	1169.23	1
0.413	1	15	13	509.505	0
0.413	2	15	13	509.505	1
0.414	1	3	14	6.69146	0
0.414	2	3	14	6.69146	1
0.414	3	17	14	3.23884	0
0.414	4	17	14	3.23884	1
0.415	1	5	15	3.11054	0
0.415	2	5	15	3.11054	1
0.415	3	21	15	8.86321	0
0.415	4	21	15	8.86321	1
0.416	1	13	16	6.77628	0
0.416	2	13	16	6.77628	1
0.416	3	26	16	5.56668	0
0.416	4	26	16	5.56668	1
0.417	1	8	17	4.86605	0
0.417	2	8	17	4.86605	1
0.417	3	16	17	2.64449	0
0.417	4	16	17	2.64449	1
0.418	1	4	18	1140.75	0
0.418	2	4	18	1140.75	1
0.423	1	6	23	5.07994	0
0.423	2	6	23	5.07994	1
0.423	3	24	23	2.67282	0
0.423	4	24	23	2.67282	1
0.424	1	11	24	10.6731	0
0.424	2	11	24	10.6731	1
0.424	3	27	24	6.37892	0
0.424	4	27	24	6.37892	1
0.425	1	7	25	6.00983	0
0.425	2	7	25	6.00983	1
0.425	3	30	25	1.78672	0
0.425	4	30	25	1.78672	1
0.426	1	9	26	6.41684	0
0.426	2	9	26	6.41684	1
0.426	3	28	26	7.63711	0
0.426	4	28	26	7.63711	1
0.428	3	22	28	531.399	0
0.428	4	22	28	531.399	1
0.429	3	20	29	1777.82	0
0.429	4	20	29	1777.82	1
0.43	3	23	30	1333.17	0
0.43	4	23	30	1333.17	1
0.481	1	2	1	5.61601	0
0.481	2	2	1	5.61601	1
0.481	3	19	1	2.48335	0
0.481	4	19	1	2.48335	1
0.482	1	14	2	3.39851	0
0.482	2	14	2	3.39851	1
0.482	3	18	2	7.72888	0
0.482	4	18	2	7.72888	1
0.483	1	10	3	5.00828	0
0.483	2	10	3	5.00828	1
0.483	3	29	3	8.47641	0
0.483	4	29	3	8.47641	1
0.484	1	12	4	11.0489	0
0.484	2	12	4	11.0489	1
0.484	3	25	4	5.42759	0
0.484	4	25	4	5.42759	1
0.492	1	1	12	1182.47	0
0.492	2	1	12	1182.47	1
0.493	1	15	13	503.324	0
0.493	2	15	13	503.324	1
0.494	1	3	14	6.65258	0
0.494	2	3	14	6.65258	1
0.494	3	17	14	3.23076	0
0.494	4	17	14	3.23076	1
0.495	1	5	15	3.12055	0
0.495	2	5	15	3.12055	1
0.495	3	21	15	8.76387	0
0.495	4	21	15	8.76387	1
0.496	1	13	16	6.76	0
0.496	2	13	16	6.76	1
0.496	3	26	16	5.59355	0
0.496	4	26	16	5.59355	1
0.497	1	8	17	4.90805	0
0.497	2	8	17	4.90805	1
0.497	3	16	17	2.59471	0
0.497	4	16	17	2.59471	1
0.498	1	4	18	1126.26	0
0.498	2	4	18	1126.26	1
0.503	1	6	23	5.16312	0
0.503	2	6	23	5.16312	1
0.503	3	24	23	2.70271	0
0.503	4	24	23	2.70271	1
0.504	1	11	24	10.6041	0
0.504	2	11	24	10.6041	1
0.504	3	27	24	6.3546	0
0.504	4	27	24	6.3546	1
0.505	1	7	25	6.0644	0
0.505	2	7	25	6.0644	1
0.505	3	30	25	1.80733	0
0.505	4	30	25	1.80733	1
0.506	1	9	26	6.30022	0
0.506	2	9	26	6.30022	1
0.506	3	28	26	7.72537	0
0.506	4	28	26	7.72537	1
0.508	3	22	28	525.815	0
0.508	4	22	28	525.815	1
0.509	3	20	29	1788.56	0
0.509	4	20	29	1788.56	1
0.51	3	23	30	1322.68	0
0.51	4	23	30	1322.68	1
0.561	1	2	1	5.62932	0
0.561	2	2	1	5.62932	1
0.561	3	19	1	2.47669	0
0.561	4	19	1	2.47669	1
0.562	1	14	2	3.36676	0
0.562	2	14	2	3.36676	1
0.562	3	18	2	7.74971	0
0.562	4	18	2	7.74971	1
0.563	1	10	3	4.96384	0
0.563	2	10	3	4.96384	1
0.563	3	29	3	8.53659	0
0.563	4	29	3	8.53659	1
0.564	1	12	4	10.9662	0
0.564	2	12	4	10.9662	1
0.564	3	25	4	5.43981	0
0.564	4	25	4	5.43981	1
0.572	1	1	12	1178.89	0
0.572	2	1	12	1178.89	1
0.573	1	15	13	508.434	0
0.573	2	15	13	508.434	1
0.574	1	3	14	6.68445	0
0.574	2	3	14	6.68445	1
0.574	3	17	14	3.22634	0
0.574	4	17	14	3.22634	1
0.575	1	5	15	3.05147	0
0.575	2	5	15	3.05147	1
0.575	3	21	15	8.724	0
0.575	4	21	15	8.724	1
0.576	1	13	16	6.72248	0
0.576	2	13	16	6.72248	1
0.576	3	26	16	5.64882	0
0.576	4	26	16	5.64882	1
0.577	1	8	17	4.91093	0
0.577	2	8	17	4.91093	1
0.577	3	16	17	2.64884	0
0.577	4	16	17	2.64884	1
0.578	1	4	18	1142.15	0
0.578	2	4	18	1142.15	1
0.583	1	6	23	5.13953	0
0.583	2	6	23	5.13953	1
0.583	3	24	23	2.64361	0
0.583	4	24	23	2.64361	1
0.584	1	11	24	10.5414	0
0.584	2	11	24	10.5414	1
0.584	3	27	24	6.31295	0
0.584	4	27	24	6.31295	1
0.585	1	7	25	6.04405	0
0.585	2	7	25	6.04405	1
0.585	3	30	25	1.808	0
0.585	4	30	25	1.808	1
0.586	1	9	26	6.29671	0
0.586	2	9	26	6.29671	1
0.586	3	28	26	7.67116	0
0.586	4	28	26	7.67116	1
0.588	3	22	28	518.987	0
0.588	4	22	28	518.987	1
0.589	3	20	29	1768.75	0
0.589	4	20	29	1768.75	1
0.59	3	23	30	1333.62	0
0.59	4	23	30	1333.62	1
0.641	1	2	1	5.58608	0
0.641	2	2	1	5.58608	1
0.641	3	19	1	2.47873	0
0.641	4	19	1	2.47873	1
0.642	1	14	2	3.38862	0
0.642	2	14	2	3.38862	1
0.642	3	18	2	7.7869	0
0.642	4	18	2	7.7869	1
0.643	1	10	3	4.96568	0
0.643	2	10	3	4.96568	1
0.643	3	29	3	8.51874	0
0.643	4	29	3	8.51874	1
0.644	1	12	4	10.9747	0
0.644	2	12	4	10.9747	1
0.644	3	25	4	5.41039	0
0.644	4	25	4	5.41039	1
0.652	1	1	12	1165.02	0
0.652	2	1	12	1165.02	1
0.653	1	15	13	507.635	0
0.653	2	15	13	507.635	1
0.654	1	3	14	6.68075	0
0.654	2	3	14	6.68075	1
0.654	3	17	14	3.28087	0
0.654	4	17	14	3.28087	1
0.655	1	5	15	3.02642	0
0.655	2	5	15	3.02642	1
0.655	3	21	15	8.70285	0
0.655	4	21	15	8.70285	1
0.656	1	13	16	6.78851	0
0.656	2	13	16	6.78851	1
0.656	3	26	16	5.62006	0
0.656	4	26	16	5.62006	1
0.657	1	8	17	4.89523	0
0.657	2	8	17	4.89523	1
0.657	3	16	17	2.66395	0
0.657	4	16	17	2.66395	1
0.658	1	4	18	1133.85	0
0.658	2	4	18	1133.85	1
0.663	1	6	23	5.10909	0
0.663	2	6	23	5.10909	1
0.663	3	24	23	2.62012	0
0.663	4	24	23	2.62012	1
0.664	1	11	24	10.6674	0
0.664	2	11	24	10.6674	1
0.664	3	27	24	6.26947	0
0.664	4	27	24	6.26947	1
0.665	1	7	25	5.97222	0
0.665	2	7	25	5.97222	1
0.665	3	30	25	1.8412	0
0.665	4	30	25	1.8412	1
0.666	1	9	26	6.38719	0
0.666	2	9	26	6.38719	1
0.666	3	28	26	7.68345	0
0.666	4	28	26	7.68345	1
0.668	3	22	28	512.615	0
0.668	4	22	28	512.615	1
0.669	3	20	29	1748.24	0
0.669	4	20	29	1748.24	1
0.67	3	23	30	1319.3	0
0.67	4	23	30	1319.3	1
0.721	1	2	1	5.5142	0
0.721	2	2	1	5.5142	1
0.721	3	19	1	2.48986	0
0.721	4	19	1	2.48986	1
0.722	1	14	2	3.45441	0
0.722	2	14	2	3.45441	1
0.722	3	18	2	7.87913	0
0.722	4	18	2	7.87913	1
0.723	1	10	3	5.02241	0
0.723	2	10	3	5.02241	1
0.723	3	29	3	8.45153	0
0.723	4	29	3	8.45153	1
0.724	1	12	4	11.0865	0
0.724	2	12	4	11.0865	1
0.724	3	25	4	5.34765	0
0.724	4	25	4	5.34765	1
0.732	1	1	12	1158.03	0
0.732	2	1	12	1158.03	1
0.733	1	15	13	504.551	0
0.733	2	15	13	504.551	1
0.734	1	3	14	6.65174	0
0.734	2	3	14	6.65174	1
0.734	3	17	14	3.31615	0
0.734	4	17	14	3.31615	1
0.735	1	5	15	3.02251	0
0.735	2	5	15	3.02251	1
0.735	3	21	15	8.70321	0
0.735	4	21	15	8.70321	1
0.736	1	13	16	6.83451	0
0.736	2	13	16	6.83451	1
0.736	3	26	16	5.60823	0
0.736	4	26	16	5.60823	1
0.737	1	8	17	4.83218	0
0.737	2	8	17	4.83218	1
0.737	3	16	17	2.6418	0
0.737	4	16	17	2.6418	1
0.738	1	4	18	1130.9	0
0.738	2	4	18	1130.9	1
0.743	1	6	23	5.03199	0
0.743	2	6	23	5.03199	1
0.743	3	24	23	2.61242	0
0.743	4	24	23	2.61242	1
0.744	1	11	24	10.7269	0
0.744	2	11	24	10.7269	1
0.744	3	27	24	6.24985	0
0.744	4	27	24	6.24985	1
0.745	1	7	25	6.00142	0
0.745	2	7	25	6.00142	1
0.745	3	30	25	1.84695	0
0.745	4	30	25	1.84695	1
0.746	1	9	26	6.42295	0
0.746	2	9	26	6.42295	1
0.746	3	28	26	7.64866	0
0.746	4	28	26	7.64866	1
0.748	3	22	28	514.278	0
0.748	4	22	28	514.278	1
0.749	3	20	29	1731.91	0
0.749	4	20	29	1731.91	1
0.75	3	23	30	1299.93	0
0.75	4	23	30	1299.93	1
0.801	1	2	1	5.51657	0
0.801	2	2	1	5.51657	1
0.801	3	19	1	2.48946	0
0.801	4	19	1	2.48946	1
0.802	1	14	2	3.46459	0
0.802	2	14	2	3.46459	1
0.802	3	18	2	8.05454	0
0.802	4	18	2	8.05454	1
0.803	1	10	3	5.03382	0
0.803	2	10	3	5.03382	1
0.803	3	29	3	8.55117	0
0.803	4	29	3	8.55117	1
0.804	1	12	4	11.2218	0
0.804	2	12	4	11.2218	1
0.804	3	25	4	5.2389	0
0.804	4	25	4	5.2389	1
0.812	1	1	12	1169.09	0
0.812	2	1	12	1169.09	1
0.813	1	15	13	504.394	0
0.813	2	15	13	504.394	1
0.814	1	3	14	6.60208	0
0.814	2	3	14	6.60208	1
0.814	3	17	14	3.28493	0
0.814	4	17	14	3.28493	1
0.815	1	5	15	3.02249	0
0.815	2	5	15	3.02249	1
0.815	3	21	15	8.72458	0
0.815	4	21	15	8.72458	1
0.816	1	13	16	6.80304	0
0.816	2	13	16	6.80304	1
0.816	3	26	16	5.66174	0
0.816	4	26	16	5.66174	1
0.817	1	8	17	4.76368	0
0.817	2	8	17	4.76368	1
0.817	3	16	17	2.60897	0
0.817	4	16	17	2.60897	1
0.818	1	4	18	1145.28	0
0.818	2	4	18	1145.28	1
0.823	1	6	23	4.97032	0
0.823	2	6	23	4.97032	1
0.823	3	24	23	2.60856	0
0.823	4	24	23	2.60856	1
0.824	1	11	24	10.7395	0
0.824	2	11	24	10.7395	1
0.824	3	27	24	6.22138	0
0.824	4	27	24	6.22138	1
0.825	1	7	25	6.10563	0
0.825	2	7	25	6.10563	1
0.825	3	30	25	1.82773	0
0.825	4	30	25	1.82773	1
0.826	1	9	26	6.36669	0
0.826	2	9	26	6.36669	1
0.826	3	28	26	7.57452	0
0.826	4	28	26	7.57452	1
0.828	3	22	28	517.167	0
0.828	4	22	28	517.167	1
0.829	3	20	29	1715.95	0
0.829	4	20	29	1715.95	1
0.83	3	23	30	1294.79	0
0.83	4	23	30	1294.79	1
0.881	1	2	1	5.58651	0
0.881	2	2	1	5.58651	1
0.881	3	19	1	2.50599	0
0.881	4	19	1	2.50599	1
0.882	1	14	2	3.42391	0
0.882	2	14	2	3.42391	1
0.882	3	18	2	7.98274	0
0.882	4	18	2	7.98274	1
0.883	1	10	3	5.09564	0
0.883	2	10	3	5.09564	1
0.883	3	29	3	8.54679	0
0.883	4	29	3	8.54679	1
0.884	1	12	4	11.4766	0
0.884	2	12	4	11.4766	1
0.884	3	25	4	5.13842	0
0.884	4	25	4	5.13842	1
0.892	1	1	12	1187.81	0
0.892	2	1	12	1187.81	1
0.893	1	15	13	509.893	0
0.893	2	15	13	509.893	1
0.894	1	3	14	6.48916	0
0.894	2	3	14	6.48916	1
0.894	3	17	14	3.25279	0
0.894	4	17	14	3.25279	1
0.895	1	5	15	3.04377	0
0.895	2	5	15	3.04377	1
0.895	3	21	15	8.75377	0
0.895	4	21	15	8.75377	1
0.896	1	13	16	6.79147	0
0.896	2	13	16	6.79147	1
0.896	3	26	16	5.71126	0
0.896	4	26	16	5.71126	1
0.897	1	8	17	4.84385	0
0.897	2	8	17	4.84385	1
0.897	3	16	17	2.61875	0
0.897	4	16	17	2.61875	1
0.898	1	4	18	1163.02	0
0.898	2	4	18	1163.02	1
0.903	1	6	23	5.03833	0
0.903	2	6	23	5.03833	1
0.903	3	24	23	2.60051	0
0.903	4	24	23	2.60051	1
0.904	1	11	24	10.8522	0
0.904	2	11	24	10.8522	1
0.904	3	27	24	6.13791	0
0.904	4	27	24	6.13791	1
0.905	1	7	25	6.17014	0
0.905	2	7	25	6.17014	1
0.905	3	30	25	1.81442	0
0.905	4	30	25	1.81442	1
0.906	1	9	26	6.25179	0
0.906	2	9	26	6.25179	1
0.906	3	28	26	7.50306	0
0.906	4	28	26	7.50306	1
0.908	3	22	28	513.386	0
0.908	4	22	28	513.386	1
0.909	3	20	29	1698.86	0
0.909	4	20	29	1698.86	1
0.91	3	23	30	1310.02	0
0.91	4	23	30	1310.02	1
0.961	1	2	1	5.57854	0
0.961	2	2	1	5.57854	1
0.961	3	19	1	2.51809	0
0.961	4	19	1	2.51809	1
0.962	1	14	2	3.42636	0
0.962	2	14	2	3.42636	1
0.962	3	18	2	8.07828	0
0.962	4	18	2	8.07828	1
0.963	1	10	3	5.1592	0
0.963	2	10	3	5.1592	1
0.963	3	29	3	8.44565	0
0.963	4	29	3	8.44565	1
0.964	1	12	4	11.3817	0
0.964	2	12	4	11.3817	1
0.964	3	25	4	5.15054	0
0.964	4	25	4	5.15054	1
0.972	1	1	12	1195.28	0
0.972	2	1	12	1195.28	1
0.973	1	15	13	514.306	0
0.973	2	15	13	514.306	1
0.974	1	3	14	6.51999	0
0.974	2	3	14	6.51999	1
0.974	3	17	14	3.27732	0
0.974	4	17	14	3.27732	1
0.975	1	5	15	3.02817	0
0.975	2	5	15	3.02817	1
0.975	3	21	15	8.90069	0
0.975	4	21	15	8.90069	1
0.976	1	13	16	6.8713	0
0.976	2	13	16	6.8713	1
0.976	3	26	16	5.7239	0
0.976	4	26	16	5.7239	1
0.977	1	8	17	4.93375	0
0.977	2	8	17	4.93375	1
0.977	3	16	17	2.65183	0
0.977	4	16	17	2.65183	1
0.978	1	4	18	1167.11	0
0.978	2	4	18	1167.11	1
0.983	1	6	23	5.07597	0
0.983	2	6	23	5.07597	1
0.983	3	24	23	2.58616	0
0.983	4	24	23	2.58616	1
0.984	1	11	24	10.6689	0
0.984	2	11	24	10.6689	1
0.984	3	27	24	6.27308	0
0.984	4	27	24	6.27308	1
0.985	1	7	25	6.11265	0
0.985	2	7	25	6.11265	1
0.985	3	30	25	1.80604	0
0.985	4	30	25	1.80604	1
0.986	1	9	26	6.30537	0
0.986	2	9	26	6.30537	1
0.986	3	28	26	7.32292	0
0.986	4	28	26	7.32292	1
0.988	3	22	28	519.096	0
0.988	4	22	28	519.096	1
0.989	3	20	29	1703.41	0
0.989	4	20	29	1703.41	1
0.99	3	23	30	1291.26	0
0.99	4	23	30	1291.26	1
1.041	1	2	1	5.59385	0
1.041	2	2	1	5.59385	1
1.041	3	19	1	2.50052	0
1.041	4	19	1	2.50052	1
1.042	1	14	2	3.42605	0
1.042	2	14	2	3.42605	1
1.042	3	18	2	8.17896	0
1.042	4	18	2	8.17896	1
1.043	1	10	3	5.17845	0
1.043	2	10	3	5.17845	1
1.043	3	29	3	8.39825	0
1.043	4	29	3	8.39825	1
1.044	1	12	4	11.3825	0
1.044	2	12	4	11.3825	1
1.044	3	25	4	5.17579	0
1.044	4	25	4	5.17579	1
1.052	1	1	12	1191.78	0
1.052	2	1	12	1191.78	1
1.053	1	15	13	511.543	0
1.053	2	15	13	511.543	1
1.054	1	3	14	6.49157	0
1.054	2	3	14	6.49157	1
1.054	3	17	14	3.32524	0
1.054	4	17	14	3.32524	1
1.055	1	5	15	2.99817	0
1.055	2	5	15	2.99817	1
1.055	3	21	15	9.01991	0
1.055	4	21	15	9.01991	1
1.056	1	13	16	6.91001	0
1.056	2	13	16	6.91001	1
1.056	3	26	16	5.66551	0
1.056	4	26	16	5.66551	1
1.057	1	8	17	5.00238	0
1.057	2	8	17	5.00238	1
1.057	3	16	17	2.68883	0
1.057	4	16	17	2.68883	1
1.058	1	4	18	1169.97	0
1.058	2	4	18	1169.97	1
1.063	1	6	23	4.98781	0
1.063	2	6	23	4.98781	1
1.063	3	24	23	2.5825	0
1.063	4	24	23	2.5825	1
1.064	1	11	24	10.5862	0
1.064	2	11	24	10.5862	1
1.064	3	27	24	6.34236	0
1.064	4	27	24	6.34236	1
1.065	1	7	25	6.17997	0
1.065	2	7	25	6.17997	1
1.065	3	30	25	1.79733	0
1.065	4	30	25	1.79733	1
1.066	1	9	26	6.2044	0
1.066	2	9	26	6.2044	1
1.066	3	28	26	7.25108	0
1.066	4	28	26	7.25108	1
1.068	3	22	28	521.822	0
1.068	4	22	28	521.822	1
1.069	3	20	29	1710.61	0
1.069	4	20	29	1710.61	1
1.07	3	23	30	1294.53	0
1.07	4	23	30	1294.53	1
1.121	1	2	1	5.62689	0
1.121	2	2	1	5.62689	1
1.121	3	19	1	2.47044	0
1.121	4	19	1	2.47044	1
1.122	1	14	2	3.4144	0
1.122	2	14	2	3.4144	1
1.122	3	18	2	8.23145	0
1.122	4	18	2	8.23145	1
1.123	1	10	3	5.14413	0
1.123	2	10	3	5.14413	1
1.123	3	29	3	8.45365	0
1.123	4	29	3	8.45365	1
1.124	1	12	4	11.488	0
1.124	2	12	4	11.488	1
1.124	3	25	4	5.16625	0
1.124	4	25	4	5.16625	1
1.132	1	1	12	1181.98	0
1.132	2	1	12	1181.98	1
1.133	1	15	13	505.994	0
1.133	2	15	13	505.994	1
1.134	1	3	14	6.44442	0
1.134	2	3	14	6.44442	1
1.134	3	17	14	3.33997	0
1.134	4	17	14	3.33997	1
1.135	1	5	15	2.98993	0
1.135	2	5	15	2.98993	1
1.135	3	21	15	9.0644	0
1.135	4	21	15	9.0644	1
1.136	1	13	16	6.92561	0
1.136	2	13	16	6.92561	1
1.136	3	26	16	5.5994	0
1.136	4	26	16	5.5994	1
1.137	1	8	17	5.06369	0
1.137	2	8	17	5.06369	1
1.137	3	16	17	2.6899	0
1.137	4	16	17	2.6899	1
1.138	1	4	18	1178.09	0
1.138	2	4	18	1178.09	1
1.143	1	6	23	4.93798	0
1.143	2	6	23	4.93798	1
1.143	3	24	23	2.58412	0
1.143	4	24	23	2.58412	1
1.144	1	11	24	10.6402	0
1.144	2	11	24	10.6402	1
1.144	3	27	24	6.29491	0
1.144	4	27	24	6.29491	1
1.145	1	7	25	6.19849	0
1.145	2	7	25	6.19849	1
1.145	3	30	25	1.79853	0
1.145	4	30	25	1.79853	1
1.146	1	9	26	6.16461	0
1.146	2	9	26	6.16461	1
1.146	3	28	26	7.21729	0
1.146	4	28	26	7.21729	1
1.148	3	22	28	526.437	0
1.148	4	22	28	526.437	1
1.149	3	20	29	1702.15	0
1.149	4	20	29	1702.15	1
1.15	3	23	30	1307.53	0
1.15	4	23	30	1307.53	1
1.201	1	2	1	5.58069	0
1.201	2	2	1	5.58069	1
1.201	3	19	1	2.48054	0
1.201	4	19	1	2.48054	1
1.202	1	14	2	3.41093	0
1.202	2	14	2	3.41093	1
1.202	3	18	2	8.26814	0
1.202	4	18	2	8.26814	1
1.203	1	10	3	5.07511	0
1.203	2	10	3	5.07511	1
1.203	3	29	3	8.59565	0
1.203	4	29	3	8.59565	1
1.204	1	12	4	11.4832	0
1.204	2	12	4	11.4832	1
1.204	3	25	4	5.10368	0
1.204	4	25	4	5.10368	1
1.212	1	1	12	1171.41	0
1.212	2	1	12	1171.41	1
1.213	1	15	13	502.723	0
1.213	2	15	13	502.723	1
1.214	1	3	14	6.41474	0
1.214	2	3	14	6.41474	1
1.214	3	17	14	3.30991	0
1.214	4	17	14	3.30991	1
1.215	1	5	15	3.01312	0
1.215	2	5	15	3.01312	1
1.215	3	21	15	9.03205	0
1.215	4	21	15	9.03205	1
1.216	1	13	16	6.94884	0
1.216	2	13	16	6.94884	1
1.216	3	26	16	5.57115	0
1.216	4	26	16	5.57115	1
1.217	1	8	17	5.12883	0
1.217	2	8	17	5.12883	1
1.217	3	16	17	2.66197	0
1.217	4	16	17	2.66197	1
1.218	1	4	18	1189.65	0
1.218	2	4	18	1189.65	1
1.223	1	6	23	4.96749	0
1.223	2	6	23	4.96749	1
1.223	3	24	23	2.59204	0
1.223	4	24	23	2.59204	1
1.224	1	11	24	10.7848	0
1.224	2	11	24	10.7848	1
1.224	3	27	24	6.17205	0
1.224	4	27	24	6.17205	1
1.225	1	7	25	6.1923	0
1.225	2	7	25	6.1923	1
1.225	3	30	25	1.8028	0
1.225	4	30	25	1.8028	1
1.226	1	9	26	6.17702	0
1.226	2	9	26	6.17702	1
1.226	3	28	26	7.20421	0
1.226	4	28	26	7.20421	1
1.228	3	22	28	532.002	0
1.228	4	22	28	532.002	1
1.229	3	20	29	1694.67	0
1.229	4	20	29	1694.67	1
1.23	3	23	30	1316.06	0
1.23	4	23	30	1316.06	1
1.281	1	2	1	5.66548	0
1.281	2	2	1	5.66548	1
1.281	3	19	1	2.47885	0
1.281	4	19	1	2.47885	1
1.282	1	14	2	3.48225	0
1.282	2	14	2	3.48225	1
1.282	3	18	2	8.40256	0
1.282	4	18	2	8.40256	1
1.283	1	10	3	5.01907	0
1.283	2	10	3	5.01907	1
1.283	3	29	3	8.6471	0
1.283	4	29	3	8.6471	1
1.284	1	12	4	11.5259	0
1.284	2	12	4	11.5259	1
1.284	3	25	4	5.02322	0
1.284	4	25	4	5.02322	1
1.292	1	1	12	1165.53	0
1.292	2	1	12	1165.53	1
1.293	1	15	13	505.464	0
1.293	2	15	13	505.464	1
1.294	1	3	14	6.37036	0
1.294	2	3	14	6.37036	1
1.294	3	17	14	3.34251	0
1.294	4	17	14	3.34251	1
1.295	1	5	15	3.02412	0
1.295	2	5	15	3.02412	1
1.295	3	21	15	8.99869	0
1.295	4	21	15	8.99869	1
1.296	1	13	16	7.01666	0
1.296	2	13	16	7.01666	1
1.296	3	26	16	5.59271	0
1.296	4	26	16	5.59271	1
1.297	1	8	17	5.20009	0
1.297	2	8	17	5.20009	1
1.297	3	16	17	2.68677	0
1.297	4	16	17	2.68677	1
1.298	1	4	18	1190.87	0
1.298	2	4	18	1190.87	1
1.303	1	6	23	5.04104	0
1.303	2	6	23	5.04104	1
1.303	3	24	23	2.60927	0
1.303	4	24	23	2.60927	1
1.304	1	11	24	10.926	0
1.304	2	11	24	10.926	1
1.304	3	27	24	6.06217	0
1.304	4	27	24	6.06217	1
1.305	1	7	25	6.263	0
1.305	2	7	25	6.263	1
1.305	3	30	25	1.79927	0
1.305	4	30	25	1.79927	1
1.306	1	9	26	6.15303	0
1.306	2	9	26	6.15303	1
1.306	3	28	26	7.20698	0
1.306	4	28	26	7.20698	1
1.308	3	22	28	536.193	0
1.308	4	22	28	536.193	1
1.309	3	20	29	1706.51	0
1.309	4	20	29	1706.51	1
1.31	3	23	30	1313.27	0
1.31	4	23	30	1313.27	1
1.361	1	2	1	5.62432	0
1.361	2	2	1	5.62432	1
1.361	3	19	1	2.49586	0
1.361	4	19	1	2.49586	1
1.362	1	14	2	3.47416	0
1.362	2	14	2	3.47416	1
1.362	3	18	2	8.51851	0
1.362	4	18	2	8.51851	1
1.363	1	10	3	4.94171	0
1.363	2	10	3	4.94171	1
1.363	3	29	3	8.78376	0
1.363	4	29	3	8.78376	1
1.364	1	12	4	11.5044	0
1.364	2	12	4	11.5044	1
1.364	3	25	4	5.03177	0
1.364	4	25	4	5.03177	1
1.372	1	1	12	1160.89	0
1.372	2	1	12	1160.89	1
1.373	1	15	13	510.387	0
1.373	2	15	13	510.387	1
1.374	1	3	14	6.4355	0
1.374	2	3	14	6.4355	1
1.374	3	17	14	3.3264	0
1.374	4	17	14	3.3264	1
1.375	1	5	15	2.95763	0
1.375	2	5	15	2.95763	1
1.375	3	21	15	9.02047	0
1.375	4	21	15	9.02047	1
1.376	1	13	16	7.02723	0
1.376	2	13	16	7.02723	1
1.376	3	26	16	5.5818	0
1.376	4	26	16	5.5818	1
1.377	1	8	17	5.12028	0
1.377	2	8	17	5.12028	1
1.377	3	16	17	2.71652	0
1.377	4	16	17	2.71652	1
1.378	1	4	18	1172.62	0
1.378	2	4	18	1172.62	1
1.383	1	6	23	5.00768	0
1.383	2	6	23	5.00768	1
1.383	3	24	23	2.59309	0
1.383	4	24	23	2.59309	1
1.384	1	11	24	11.057	0
1.384	2	11	24	11.057	1
1.384	3	27	24	5.98947	0
1.384	4	27	24	5.98947	1
1.385	1	7	25	6.27854	0
1.385	2	7	25	6.27854	1
1.385	3	30	25	1.83009	0
1.385	4	30	25	1.83009	1
1.386	1	9	26	6.08824	0
1.386	2	9	26	6.08824	1
1.386	3	28	26	7.15852	0
1.386	4	28	26	7.15852	1
1.388	3	22	28	540.532	0
1.388	4	22	28	540.532	1
1.389	3	20	29	1717.82	0
1.389	4	20	29	1717.82	1
1.39	3	23	30	1333.41	0
1.39	4	23	30	1333.41	1
1.441	1	2	1	5.53194	0
1.441	2	2	1	5.53194	1
1.441	3	19	1	2.51781	0
1.441	4	19	1	2.51781	1
1.442	1	14	2	3.45143	0
1.442	2	14	2	3.45143	1
1.442	3	18	2	8.47056	0
1.442	4	18	2	8.47056	1
1.443	1	10	3	4.92691	0
1.443	2	10	3	4.92691	1
1.443	3	29	3	8.79379	0
1.443	4	29	3	8.79379	1
1.444	1	12	4	11.3907	0
1.444	2	12	4	11.3907	1
1.444	3	25	4	5.08587	0
1.444	4	25	4	5.08587	1
1.452	1	1	12	1171.14	0
1.452	2	1	12	1171.14	1
1.453	1	15	13	513.017	0
1.453	2	15	13	513.017	1
1.454	1	3	14	6.4578	0
1.454	2	3	14	6.4578	1
1.454	3	17	14	3.36536	0
1.454	4	17	14	3.36536	1
1.455	1	5	15	2.92321	0
1.455	2	5	15	2.92321	1
1.455	3	21	15	9.00869	0
1.455	4	21	15	9.00869	1
1.456	1	13	16	7.04575	0
1.456	2	13	16	7.04575	1
1.456	3	26	16	5.59087	0
1.456	4	26	16	5.59087	1
1.457	1	8	17	5.10511	0
1.457	2	8	17	5.10511	1
1.457	3	16	17	2.75654	0
1.457	4	16	17	2.75654	1
1.458	1	4	18	1156.98	0
1.458	2	4	18	1156.98	1
1.463	1	6	23	5.04783	0
1.463	2	6	23	5.04783	1
1.463	3	24	23	2.56178	0
1.463	4	24	23	2.56178	1
1.464	1	11	24	11.2467	0
1.464	2	11	24	11.2467	1
1.464	3	27	24	5.9038	0
1.464	4	27	24	5.9038	1
1.465	1	7	25	6.26379	0
1.465	2	7	25	6.26379	1
1.465	3	30	25	1.83784	0
1.465	4	30	25	1.83784	1
1.466	1	9	26	6.09985	0
1.466	2	9	26	6.09985	1
1.466	3	28	26	7.21836	0
1.466	4	28	26	7.21836	1
1.468	3	22	28	534.848	0
1.468	4	22	28	534.848	1
1.469	3	20	29	1703.48	0
1.469	4	20	29	1703.48	1
1.47	3	23	30	1318.74	0
1.47	4	23	30	1318.74	1
1.521	1	2	1	5.46058	0
1.521	2	2	1	5.46058	1
1.521	3	19	1	2.53884	0
1.521	4	19	1	2.53884	1
1.522	1	14	2	3.42202	0
1.522	2	14	2	3.42202	1
1.522	3	18	2	8.33164	0
1.522	4	18	2	8.33164	1
1.523	1	10	3	4.95368	0
1.523	2	10	3	4.95368	1
1.523	3	29	3	8.7008	0
1.523	4	29	3	8.7008	1
1.524	1	12	4	11.254	0
1.524	2	12	4	11.254	1
1.524	3	25	4	5.17238	0
1.524	4	25	4	5.17238	1
1.532	1	1	12	1175.72	0
1.532	2	1	12	1175.72	1
1.533	1	15	13	512.951	0
1.533	2	15	13	512.951	1
1.534	1	3	14	6.45963	0
1.534	2	3	14	6.45963	1
1.534	3	17	14	3.39806	0
1.534	4	17	14	3.39806	1
1.535	1	5	15	2.89268	0
1.535	2	5	15	2.89268	1
1.535	3	21	15	9.03174	0
1.535	4	21	15	9.03174	1
1.536	1	13	16	7.09663	0
1.536	2	13	16	7.09663	1
1.536	3	26	16	5.54689	0
1.536	4	26	16	5.54689	1
1.537	1	8	17	5.15374	0
1.537	2	8	17	5.15374	1
1.537	3	16	17	2.76639	0
1.537	4	16	17	2.76639	1
1.538	1	4	18	1154.13	0
1.538	2	4	18	1154.13	1
1.543	1	6	23	5.08417	0
1.543	2	6	23	5.08417	1
1.543	3	24	23	2.55215	0
1.543	4	24	23	2.55215	1
1.544	1	11	24	11.246	0
1.544	2	11	24	11.246	1
1.544	3	27	24	5.90179	0
1.544	4	27	24	5.90179	1
1.545	1	7	25	6.25452	0
1.545	2	7	25	6.25452	1
1.545	3	30	25	1.83749	0
1.545	4	30	25	1.83749	1
1.546	1	9	26	6.05819	0
1.546	2	9	26	6.05819	1
1.546	3	28	26	7.34908	0
1.546	4	28	26	7.34908	1
1.548	3	22	28	534.727	0
1.548	4	22	28	534.727	1
1.549	3	20	29	1686.45	0
1.549	4	20	29	1686.45	1
1.55	3	23	30	1324.11	0
1.55	4	23	30	1324.11	1
1.601	1	2	1	5.47729	0
1.601	2	2	1	5.47729	1
1.601	3	19	1	2.55917	0
1.601	4	19	1	2.55917	1
1.602	1	14	2	3.35964	0
1.602	2	14	2	3.35964	1
1.602	3	18	2	8.33003	0
1.602	4	18	2	8.33003	1
1.603	1	10	3	4.94282	0
1.603	2	10	3	4.94282	1
1.603	3	29	3	8.67018	0
1.603	4	29	3	8.67018	1
1.604	1	12	4	11.2148	0
1.604	2	12	4	11.2148	1
1.604	3	25	4	5.28287	0
1.604	4	25	4	5.28287	1
1.612	1	1	12	1159.42	0
1.612	2	1	12	1159.42	1
1.613	1	15	13	510.607	0
1.613	2	15	13	510.607	1
1.614	1	3	14	6.46102	0
1.614	2	3	14	6.46102	1
1.614	3	17	14	3.39129	0
1.614	4	17	14	3.39129	1
1.615	1	5	15	2.86393	0
1.615	2	5	15	2.86393	1
1.615	3	21	15	9.10005	0
1.615	4	21	15	9.10005	1
1.616	1	13	16	7.16354	0
1.616	2	13	16	7.16354	1
1.616	3	26	16	5.4459	0
1.616	4	26	16	5.4459	1
1.617	1	8	17	5.23254	0
1.617	2	8	17	5.23254	1
1.617	3	16	17	2.74609	0
1.617	4	16	17	2.74609	1
1.618	1	4	18	1158.21	0
1.618	2	4	18	1158.21	1
1.623	1	6	23	5.06568	0
1.623	2	6	23	5.06568	1
1.623	3	24	23	2.57132	0
1.623	4	24	23	2.57132	1
1.624	1	11	24	11.1072	0
1.624	2	11	24	11.1072	1
1.624	3	27	24	5.93362	0
1.624	4	27	24	5.93362	1
1.625	1	7	25	6.26166	0
1.625	2	7	25	6.26166	1
1.625	3	30	25	1.83792	0
1.625	4	30	25	1.83792	1
1.626	1	9	26	6.0026	0
1.626	2	9	26	6.0026	1
1.626	3	28	26	7.42744	0
1.626	4	28	26	7.42744	1
1.628	3	22	28	540.438	0
1.628	4	22	28	540.438	1
1.629	3	20	29	1673.68	0
1.629	4	20	29	1673.68	1
1.63	3	23	30	1329.35	0
1.63	4	23	30	1329.35	1
1.681	1	2	1	5.38412	0
1.681	2	2	1	5.38412	1
1.681	3	19	1	2.57017	0
1.681	4	19	1	2.57017	1
1.682	1	14	2	3.41057	0
1.682	2	14	2	3.41057	1
1.682	3	18	2	8.50298	0
1.682	4	18	2	8.50298	1
1.683	1	10	3	5.01302	0
1.683	2	10	3	5.01302	1
1.683	3	29	3	8.53766	0
1.683	4	29	3	8.53766	1
1.684	1	12	4	11.399	0
1.684	2	12	4	11.399	1
1.684	3	25	4	5.22097	0
1.684	4	25	4	5.22097	1
1.692	1	1	12	1142.88	0
1.692	2	1	12	1142.88	1
1.693	1	15	13	506.726	0
1.693	2	15	13	506.726	1
1.694	1	3	14	6.42897	0
1.694	2	3	14	6.42897	1
1.694	3	17	14	3.42531	0
1.694	4	17	14	3.42531	1
1.695	1	5	15	2.91178	0
1.695	2	5	15	2.91178	1
1.695	3	21	15	9.07266	0
1.695	4	21	15	9.07266	1
1.696	1	13	16	7.15801	0
1.696	2	13	16	7.15801	1
1.696	3	26	16	5.41546	0
1.696	4	26	16	5.41546	1
1.697	1	8	17	5.26784	0
1.697	2	8	17	5.26784	1
1.697	3	16	17	2.76358	0
1.697	4	16	17	2.76358	1
1.698	1	4	18	1142.05	0
1.698	2	4	18	1142.05	1
1.703	1	6	23	4.97072	0
1.703	2	6	23	4.97072	1
1.703	3	24	23	2.60602	0
1.703	4	24	23	2.60602	1
1.704	1	11	24	11.0423	0
1.704	2	11	24	11.0423	1
1.704	3	27	24	5.88001	0
1.704	4	27	24	5.88001	1
1.705	1	7	25	6.28164	0
1.705	2	7	25	6.28164	1
1.705	3	30	25	1.84409	0
1.705	4	30	25	1.84409	1
1.706	1	9	26	6.0155	0
1.706	2	9	26	6.0155	1
1.706	3	28	26	7.32423	0
1.706	4	28	26	7.32423	1
1.708	3	22	28	547.001	0
1.708	4	22	28	547.001	1
1.709	3	20	29	1665.6	0
1.709	4	20	29	1665.6	1
1.71	3	23	30	1309.13	0
1.71	4	23	30	1309.13	1
1.761	1	2	1	5.35698	0
1.761	2	2	1	5.35698	1
1.761	3	19	1	2.55161	0
1.761	4	19	1	2.55161	1
1.762	1	14	2	3.43686	0
1.762	2	14	2	3.43686	1
1.762	3	18	2	8.4305	0
1.762	4	18	2	8.4305	1
1.763	1	10	3	4.95168	0
1.763	2	10	3	4.95168	1
1.763	3	29	3	8.65477	0
1.763	4	29	3	8.65477	1
1.764	1	12	4	11.3472	0
1.764	2	12	4	11.3472	1
1.764	3	25	4	5.2933	0
1.764	4	25	4	5.2933	1
1.772	1	1	12	1155.55	0
1.772	2	1	12	1155.55	1
1.773	1	15	13	505.856	0
1.773	2	15	13	505.856	1
1.774	1	3	14	6.3803	0
1.774	2	3	14	6.3803	1
1.774	3	17	14	3.3542	0
1.774	4	17	14	3.3542	1
1.775	1	5	15	2.8617	0
1.775	2	5	15	2.8617	1
1.775	3	21	15	8.98191	0
1.775	4	21	15	8.98191	1
1.776	1	13	16	7.10788	0
1.776	2	13	16	7.10788	1
1.776	3	26	16	5.35841	0
1.776	4	26	16	5.35841	1
1.777	1	8	17	5.29377	0
1.777	2	8	17	5.29377	1
1.777	3	16	17	2.81008	0
1.777	4	16	17	2.81008	1
1.778	1	4	18	1149.44	0
1.778	2	4	18	1149.44	1
1.783	1	6	23	5.02689	0
1.783	2	6	23	5.02689	1
1.783	3	24	23	2.60691	0
1.783	4	24	23	2.60691	1
1.784	1	11	24	10.9857	0
1.784	2	11	24	10.9857	1
1.784	3	27	24	5.85934	0
1.784	4	27	24	5.85934	1
1.785	1	7	25	6.27574	0
1.785	2	7	25	6.27574	1
1.785	3	30	25	1.84193	0
1.785	4	30	25	1.84193	1
1.786	1	9	26	5.93974	0
1.786	2	9	26	5.93974	1
1.786	3	28	26	7.27203	0
1.786	4	28	26	7.27203	1
1.788	3	22	28	544.103	0
1.788	4	22	28	544.103	1
1.789	3	20	29	1648.89	0
1.789	4	20	29	1648.89	1
1.79	3	23	30	1289.09	0
1.79	4	23	30	1289.09	1
1.841	1	2	1	5.35834	0
1.841	2	2	1	5.35834	1
1.841	3	19	1	2.57056	0
1.841	4	19	1	2.57056	1
1.842	1	14	2	3.42799	0
1.842	2	14	2	3.42799	1
1.842	3	18	2	8.36917	0
1.842	4	18	2	8.36917	1
1.843	1	10	3	4.86646	0
1.843	2	10	3	4.86646	1
1.843	3	29	3	8.83169	0
1.843	4	29	3	8.83169	1
1.844	1	12	4	11.2893	0
1.844	2	12	4	11.2893	1
1.844	3	25	4	5.30786	0
1.844	4	25	4	5.30786	1
1.852	1	1	12	1164.62	0
1.852	2	1	12	1164.62	1
1.853	1	15	13	509.887	0
1.853	2	15	13	509.887	1
1.854	1	3	14	6.39181	0
1.854	2	3	14	6.39181	1
1.854	3	17	14	3.29502	0
1.854	4	17	14	3.29502	1
1.855	1	5	15	2.88691	0
1.855	2	5	15	2.88691	1
1.855	3	21	15	8.98836	0
1.855	4	21	15	8.98836	1
1.856	1	13	16	7.06499	0
1.856	2	13	16	7.06499	1
1.856	3	26	16	5.33893	0
1.856	4	26	16	5.33893	1
1.857	1	8	17	5.26731	0
1.857	2	8	17	5.26731	1
1.857	3	16	17	2.82484	0
1.857	4	16	17	2.82484	1
1.858	1	4	18	1152.98	0
1.858	2	4	18	1152.98	1
1.863	1	6	23	5.08105	0
1.863	2	6	23	5.08105	1
1.863	3	24	23	2.56717	0
1.863	4	24	23	2.56717	1
1.864	1	11	24	11.0759	0
1.864	2	11	24	11.0759	1
1.864	3	27	24	5.79082	0
1.864	4	27	24	5.79082	1
1.865	1	7	25	6.1986	0
1.865	2	7	25	6.1986	1
1.865	3	30	25	1.8525	0
1.865	4	30	25	1.8525	1
1.866	1	9	26	5.84082	0
1.866	2	9	26	5.84082	1
1.866	3	28	26	7.30258	0
1.866	4	28	26	7.30258	1
1.868	3	22	28	544.402	0
1.868	4	22	28	544.402	1
1.869	3	20	29	1629.09	0
1.869	4	20	29	1629.09	1
1.87	3	23	30	1269.63	0
1.87	4	23	30	1269.63	1
1.921	1	2	1	5.38756	0
1.921	2	2	1	5.38756	1
1.921	3	19	1	2.61886	0
1.921	4	19	1	2.61886	1
1.922	1	14	2	3.40663	0
1.922	2	14	2	3.40663	1
1.922	3	18	2	8.37856	0
1.922	4	18	2	8.37856	1
1.923	1	10	3	4.80275	0
1.923	2	10	3	4.80275	1
1.923	3	29	3	8.99476	0
1.923	4	29	3	8.99476	1
1.924	1	12	4	11.3377	0
1.924	2	12	4	11.3377	1
1.924	3	25	4	5.22795	0
1.924	4	25	4	5.22795	1
1.932	1	1	12	1174.03	0
1.932	2	1	12	1174.03	1
1.933	1	15	13	514.935	0
1.933	2	15	13	514.935	1
1.934	1	3	14	6.35937	0
1.934	2	3	14	6.35937	1
1.934	3	17	14	3.26896	0
1.934	4	17	14	3.26896	1
1.935	1	5	15	2.9108	0
1.935	2	5	15	2.9108	1
1.935	3	21	15	9.06531	0
1.935	4	21	15	9.06531	1
1.936	1	13	16	6.99581	0
1.936	2	13	16	6.99581	1
1.936	3	26	16	5.37156	0
1.936	4	26	16	5.37156	1
1.937	1	8	17	5.21182	0
1.937	2	8	17	5.21182	1
1.937	3	16	17	2.8349	0
1.937	4	16	17	2.8349	1
1.938	1	4	18	1151.28	0
1.938	2	4	18	1151.28	1
1.943	1	6	23	5.17031	0
1.943	2	6	23	5.17031	1
1.943	3	24	23	2.53248	0
1.943	4	24	23	2.53248	1
1.944	1	11	24	11.137	0
1.944	2	11	24	11.137	1
1.944	3	27	24	5.77917	0
1.944	4	27	24	5.77917	1
1.945	1	7	25	6.12918	0
1.945	2	7	25	6.12918	1
1.945	3	30	25	1.84228	0
1.945	4	30	25	1.84228	1
1.946	1	9	26	5.74839	0
1.946	2	9	26	5.74839	1
1.946	3	28	26	7.29206	0
1.946	4	28	26	7.29206	1
1.948	3	22	28	545.358	0
1.948	4	22	28	545.358	1
1.949	3	20	29	1609.27	0
1.949	4	20	29	1609.27	1
1.95	3	23	30	1272.45	0
1.95	4	23	30	1272.45	1
2.001	1	2	1	5.47456	0
2.001	2	2	1	5.47456	1
2.001	3	19	1	2.62011	0
2.001	4	19	1	2.62011	1
2.002	1	14	2	3.42015	0
2.002	2	14	2	3.42015	1
2.002	3	18	2	8.38116	0
2.002	4	18	2	8.38116	1
2.003	1	10	3	4.76899	0
2.003	2	10	3	4.76899	1
2.003	3	29	3	9.13376	0
2.003	4	29	3	9.13376	1
2.004	1	12	4	11.5157	0
2.004	2	12	4	11.5157	1
2.004	3	25	4	5.11588	0
2.004	4	25	4	5.11588	1
2.012	1	1	12	1188.07	0
2.012	2	1	12	1188.07	1
2.013	1	15	13	518.423	0
2.013	2	15	13	518.423	1
2.014	1	3	14	6.26125	0
2.014	2	3	14	6.26125	1
2.014	3	17	14	3.28702	0
2.014	4	17	14	3.28702	1
2.015	1	5	15	2.89533	0
2.015	2	5	15	2.89533	1
2.015	3	21	15	9.15343	0
2.015	4	21	15	9.15343	1
2.016	1	13	16	6.90216	0
2.016	2	13	16	6.90216	1
2.016	3	26	16	5.4204	0
2.016	4	26	16	5.4204	1
2.017	1	8	17	5.15902	0
2.017	2	8	17	5.15902	1
2.017	3	16	17	2.86323	0
2.017	4	16	17	2.86323	1
2.018	1	4	18	1148.04	0
2.018	2	4	18	1148.04	1
2.023	1	6	23	5.2508	0
2.023	2	6	23	5.2508	1
2.023	3	24	23	2.51386	0
2.023	4	24	23	2.51386	1
2.024	1	11	24	11.0979	0
2.024	2	11	24	11.0979	1
2.024	3	27	24	5.84826	0
2.024	4	27	24	5.84826	1
2.025	1	7	25	6.08624	0
2.025	2	7	25	6.08624	1
2.025	3	30	25	1.83406	0
2.025	4	30	25	1.83406	1
2.026	1	9	26	5.68384	0
2.026	2	9	26	5.68384	1
2.026	3	28	26	7.2597	0
2.026	4	28	26	7.2597	1
2.028	3	22	28	545.413	0
2.028	4	22	28	545.413	1
2.029	3	20	29	1601.33	0
2.029	4	20	29	1601.33	1
2.03	3	23	30	1277.72	0
2.03	4	23	30	1277.72	1
2.081	1	2	1	5.57486	0
2.081	2	2	1	5.57486	1
2.081	3	19	1	2.60138	0
2.081	4	19	1	2.60138	1
2.082	1	14	2	3.46227	0
2.082	2	14	2	3.46227	1
2.082	3	18	2	8.47884	0
2.082	4	18	2	8.47884	1
2.083	1	10	3	4.74945	0
2.083	2	10	3	4.74945	1
2.083	3	29	3	9.08345	0
2.083	4	29	3	9.08345	1
2.084	1	12	4	11.3082	0
2.084	2	12	4	11.3082	1
2.084	3	25	4	5.17498	0
2.084	4	25	4	5.17498	1
2.092	1	1	12	1191.18	0
2.092	2	1	12	1191.18	1
2.093	1	15	13	524.48	0
2.093	2	15	13	524.48	1
2.094	1	3	14	6.31605	0
2.094	2	3	14	6.31605	1
2.094	3	17	14	3.36398	0
2.094	4	17	14	3.36398	1
2.095	1	5	15	2.92803	0
2.095	2	5	15	2.92803	1
2.095	3	21	15	9.14898	0
2.095	4	21	15	9.14898	1
2.096	1	13	16	6.85445	0
2.096	2	13	16	6.85445	1
2.096	3	26	16	5.35687	0
2.096	4	26	16	5.35687	1
2.097	1	8	17	5.15052	0
2.097	2	8	17	5.15052	1
2.097	3	16	17	2.92239	0
2.097	4	16	17	2.92239	1
2.098	1	4	18	1152.84	0
2.098	2	4	18	1152.84	1
2.103	1	6	23	5.22868	0
2.103	2	6	23	5.22868	1
2.103	3	24	23	2.50187	0
2.103	4	24	23	2.50187	1
2.104	1	11	24	10.9601	0
2.104	2	11	24	10.9601	1
2.104	3	27	24	5.9746	0
2.104	4	27	24	5.9746	1
2.105	1	7	25	6.06305	0
2.105	2	7	25	6.06305	1
2.105	3	30	25	1.8709	0
2.105	4	30	25	1.8709	1
2.106	1	9	26	5.66612	0
2.106	2	9	26	5.66612	1
2.106	3	28	26	7.2567	0
2.106	4	28	26	7.2567	1
2.108	3	22	28	543.392	0
2.108	4	22	28	543.392	1
2.109	3	20	29	1612.52	0
2.109	4	20	29	1612.52	1
2.11	3	23	30	1267.29	0
2.11	4	23	30	1267.29	1
2.161	1	2	1	5.55981	0
2.161	2	2	1	5.55981	1
2.161	3	19	1	2.6468	0
2.161	4	19	1	2.6468	1
2.162	1	14	2	3.52215	0
2.162	2	14	2	3.52215	1
2.162	3	18	2	8.62674	0
2.162	4	18	2	8.62674	1
2.163	1	10	3	4.72836	0
2.163	2	10	3	4.72836	1
2.163	3	29	3	9.01607	0
2.163	4	29	3	9.01607	1
2.164	1	12	4	11.145	0
2.164	2	12	4	11.145	1
2.164	3	25	4	5.19029	0
2.164	4	25	4	5.19029	1
2.172	1	1	12	1176.02	0
2.172	2	1	12	1176.02	1
2.173	1	15	13	519.543	0
2.173	2	15	13	519.543	1
2.174	1	3	14	6.36061	0
2.174	2	3	14	6.36061	1
2.174	3	17	14	3.33433	0
2.174	4	17	14	3.33433	1
2.175	1	5	15	2.87858	0
2.175	2	5	15	2.87858	1
2.175	3	21	15	9.13378	0
2.175	4	21	15	9.13378	1
2.176	1	13	16	6.87054	0
2.176	2	13	16	6.87054	1
2.176	3	26	16	5.35049	0
2.176	4	26	16	5.35049	1
2.177	1	8	17	5.05822	0
2.177	2	8	17	5.05822	1
2.177	3	16	17	2.90672	0
2.177	4	16	17	2.90672	1
2.178	1	4	18	1151.57	0
2.178	2	4	18	1151.57	1
2.183	1	6	23	5.23966	0
2.183	2	6	23	5.23966	1
2.183	3	24	23	2.49865	0
2.183	4	24	23	2.49865	1
2.184	1	11	24	10.9111	0
2.184	2	11	24	10.9111	1
2.184	3	27	24	6.07981	0
2.184	4	27	24	6.07981	1
2.185	1	7	25	6.0812	0
2.185	2	7	25	6.0812	1
2.185	3	30	25	1.91309	0
2.185	4	30	25	1.91309	1
2.186	1	9	26	5.73552	0
2.186	2	9	26	5.73552	1
2.186	3	28	26	7.0835	0
2.186	4	28	26	7.0835	1
2.188	3	22	28	538.85	0
2.188	4	22	28	538.85	1
2.189	3	20	29	1614.4	0
2.189	4	20	29	1614.4	1
2.19	3	23	30	1274.45	0
2.19	4	23	30	1274.45	1
2.241	1	2	1	5.5848	0
2.241	2	2	1	5.5848	1
2.241	3	19	1	2.66806	0
2.241	4	19	1	2.66806	1
2.242	1	14	2	3.51103	0
2.242	2	14	2	3.51103	1
2.242	3	18	2	8.66576	0
2.242	4	18	2	8.66576	1
2.243	1	10	3	4.7155	0
2.243	2	10	3	4.7155	1
2.243	3	29	3	9.04997	0
2.243	4	29	3	9.04997	1
2.244	1	12	4	10.9947	0
2.244	2	12	4	10.9947	1
2.244	3	25	4	5.17577	0
2.244	4	25	4	5.17577	1
2.252	1	1	12	1182.15	0
2.252	2	1	12	1182.15	1
2.253	1	15	13	515.622	0
2.253	2	15	13	515.622	1
2.254	1	3	14	6.28635	0
2.254	2	3	14	6.28635	1
2.254	3	17	14	3.31338	0
2.254	4	17	14	3.31338	1
2.255	1	5	15	2.84925	0
2.255	2	5	15	2.84925	1
2.255	3	21	15	9.20193	0
2.255	4	21	15	9.20193	1
2.256	1	13	16	6.78847	0
2.256	2	13	16	6.78847	1
2.256	3	26	16	5.39081	0
2.256	4	26	16	5.39081	1
2.257	1	8	17	5.1202	0
2.257	2	8	17	5.1202	1
2.257	3	16	17	2.91115	0
2.257	4	16	17	2.91115	1
2.258	1	4	18	1142.51	0
2.258	2	4	18	1142.51	1
2.263	1	6	23	5.15972	0
2.263	2	6	23	5.15972	1
2.263	3	24	23	2.47774	0
2.263	4	24	23	2.47774	1
2.264	1	11	24	10.9042	0
2.264	2	11	24	10.9042	1
2.264	3	27	24	6.04931	0
2.264	4	27	24	6.04931	1
2.265	1	7	25	5.99717	0
2.265	2	7	25	5.99717	1
2.265	3	30	25	1.92777	0
2.265	4	30	25	1.92777	1
2.266	1	9	26	5.68372	0
2.266	2	9	26	5.68372	1
2.266	3	28	26	7.05632	0
2.266	4	28	26	7.05632	1
2.268	3	22	28	544.473	0
2.268	4	22	28	544.473	1
2.269	3	20	29	1630.32	0
2.269	4	20	29	1630.32	1
2.27	3	23	30	1259.92	0
2.27	4	23	30	1259.92	1
2.321	1	2	1	5.67054	0
2.321	2	2	1	5.67054	1
2.321	3	19	1	2.64048	0
2.321	4	19	1	2.64048	1
2.322	1	14	2	3.46118	0
2.322	2	14	2	3.46118	1
2.322	3	18	2	8.57423	0
2.322	4	18	2	8.57423	1
2.323	1	10	3	4.74026	0
2.323	2	10	3	4.74026	1
2.323	3	29	3	9.08214	0
2.323	4	29	3	9.08214	1
2.324	1	12	4	10.9505	0
2.324	2	12	4	10.9505	1
2.324	3	25	4	5.12615	0
2.324	4	25	4	5.12615	1
2.332	1	1	12	1188.73	0
2.332	2	1	12	1188.73	1
2.333	1	15	13	516.826	0
2.333	2	15	13	516.826	1
2.334	1	3	14	6.16513	0
2.334	2	3	14	6.16513	1
2.334	3	17	14	3.297	0
2.334	4	17	14	3.297	1
2.335	1	5	15	2.84539	0
2.335	2	5	15	2.84539	1
2.335	3	21	15	9.20188	0
2.335	4	21	15	9.20188	1
2.336	1	13	16	6.6816	0
2.336	2	13	16	6.6816	1
2.336	3	26	16	5.44022	0
2.336	4	26	16	5.44022	1
2.337	1	8	17	5.14835	0
2.337	2	8	17	5.14835	1
2.337	3	16	17	2.89339	0
2.337	4	16	17	2.89339	1
2.338	1	4	18	1136.77	0
2.338	2	4	18	1136.77	1
2.343	1	6	23	5.17117	0
2.343	2	6	23	5.17117	1
2.343	3	24	23	2.45496	0
2.343	4	24	23	2.45496	1
2.344	1	11	24	10.8056	0
2.344	2	11	24	10.8056	1
2.344	3	27	24	6.07214	0
2.344	4	27	24	6.07214	1
2.345	1	7	25	5.99571	0
2.345	2	7	25	5.99571	1
2.345	3	30	25	1.91339	0
2.345	4	30	25	1.91339	1
2.346	1	9	26	5.64347	0
2.346	2	9	26	5.64347	1
2.346	3	28	26	7.12096	0
2.346	4	28	26	7.12096	1
2.348	3	22	28	549.64	0
2.348	4	22	28	549.64	1
2.349	3	20	29	1645.9	0
2.349	4	20	29	1645.9	1
2.35	3	23	30	1263.06	0
2.35	4	23	30	1263.06	1
2.401	1	2	1	5.71779	0
2.401	2	2	1	5.71779	1
2.401	3	19	1	2.59724	0
2.401	4	19	1	2.59724	1
2.402	1	14	2	3.48887	0
2.402	2	14	2	3.48887	1
2.402	3	18	2	8.44009	0
2.402	4	18	2	8.44009	1
2.403	1	10	3	4.83719	0
2.403	2	10	3	4.83719	1
2.403	3	29	3	8.8945	0
2.403	4	29	3	8.8945	1
2.404	1	12	4	11.1457	0
2.404	2	12	4	11.1457	1
2.404	3	25	4	5.03599	0
2.404	4	25	4	5.03599	1
2.412	1	1	12	1179.38	0
2.412	2	1	12	1179.38	1
2.413	1	15	13	521.892	0
2.413	2	15	13	521.892	1
2.414	1	3	14	6.07357	0
2.414	2	3	14	6.07357	1
2.414	3	17	14	3.26444	0
2.414	4	17	14	3.26444	1
2.415	1	5	15	2.86486	0
2.415	2	5	15	2.86486	1
2.415	3	21	15	9.06775	0
2.415	4	21	15	9.06775	1
2.416	1	13	16	6.617	0
2.416	2	13	16	6.617	1
2.416	3	26	16	5.47797	0
2.416	4	26	16	5.47797	1
2.417	1	8	17	5.10378	0
2.417	2	8	17	5.10378	1
2.417	3	16	17	2.85755	0
2.417	4	16	17	2.85755	1
2.418	1	4	18	1140.57	0
2.418	2	4	18	1140.57	1
2.423	1	6	23	5.24341	0
2.423	2	6	23	5.24341	1
2.423	3	24	23	2.43262	0
2.423	4	24	23	2.43262	1
2.424	1	11	24	10.6952	0
2.424	2	11	24	10.6952	1
2.424	3	27	24	6.129	0
2.424	4	27	24	6.129	1
2.425	1	7	25	6.02847	0
2.425	2	7	25	6.02847	1
2.425	3	30	25	1.90249	0
2.425	4	30	25	1.90249	1
2.426	1	9	26	5.65995	0
2.426	2	9	26	5.65995	1
2.426	3	28	26	7.23018	0
2.426	4	28	26	7.23018	1
2.428	3	22	28	551.5	0
2.428	4	22	28	551.5	1
2.429	3	20	29	1654.67	0
2.429	4	20	29	1654.67	1
2.43	3	23	30	1267.49	0
2.43	4	23	30	1267.49	1
2.481	1	2	1	5.81341	0
2.481	2	2	1	5.81341	1
2.481	3	19	1	2.57538	0
2.481	4	19	1	2.57538	1
2.482	1	14	2	3.49431	0
2.482	2	14	2	3.49431	1
2.482	3	18	2	8.35471	0
2.482	4	18	2	8.35471	1
2.483	1	10	3	4.79469	0
2.483	2	10	3	4.79469	1
2.483	3	29	3	9.02453	0
2.483	4	29	3	9.02453	1
2.484	1	12	4	11.2338	0
2.484	2	12	4	11.2338	1
2.484	3	25	4	5.04583	0
2.484	4	25	4	5.04583	1
2.492	1	1	12	1184.67	0
2.492	2	1	12	1184.67	1
2.493	1	15	13	516.196	0
2.493	2	15	13	516.196	1
2.494	1	3	14	6.06506	0
2.494	2	3	14	6.06506	1
2.494	3	17	14	3.18173	0
2.494	4	17	14	3.18173	1
2.495	1	5	15	2.90915	0
2.495	2	5	15	2.90915	1
2.495	3	21	15	8.95282	0
2.495	4	21	15	8.95282	1
2.496	1	13	16	6.63723	0
2.496	2	13	16	6.63723	1
2.496	3	26	16	5.51806	0
2.496	4	26	16	5.51806	1
2.497	1	8	17	5.21659	0
2.497	2	8	17	5.21659	1
2.497	3	16	17	2.88772	0
2.497	4	16	17	2.88772	1
2.498	1	4	18	1154.3	0
2.498	2	4	18	1154.3	1
2.503	1	6	23	5.21694	0
2.503	2	6	23	5.21694	1
2.503	3	24	23	2.40395	0
2.503	4	24	23	2.40395	1
2.504	1	11	24	10.755	0
2.504	2	11	24	10.755	1
2.504	3	27	24	6.09421	0
2.504	4	27	24	6.09421	1
2.505	1	7	25	5.96462	0
2.505	2	7	25	5.96462	1
2.505	3	30	25	1.93322	0
2.505	4	30	25	1.93322	1
2.506	1	9	26	5.73799	0
2.506	2	9	26	5.73799	1
2.506	3	28	26	7.33562	0
2.506	4	28	26	7.33562	1
2.508	3	22	28	550.266	0
2.508	4	22	28	550.266	1
2.509	3	20	29	1656.74	0
2.509	4	20	29	1656.74	1
2.51	3	23	30	1255.86	0
2.51	4	23	30	1255.86	1
2.561	1	2	1	5.79727	0
2.561	2	2	1	5.79727	1
2.561	3	19	1	2.53897	0
2.561	4	19	1	2.53897	1
2.562	1	14	2	3.55111	0
2.562	2	14	2	3.55111	1
2.562	3	18	2	8.35713	0
2.562	4	18	2	8.35713	1
2.563	1	10	3	4.79169	0
2.563	2	10	3	4.79169	1
2.563	3	29	3	9.08446	0
2.563	4	29	3	9.08446	1
2.564	1	12	4	11.213	0
2.564	2	12	4	11.213	1
2.564	3	25	4	5.13476	0
2.564	4	25	4	5.13476	1
2.572	1	1	12	1190.94	0
2.572	2	1	12	1190.94	1
2.573	1	15	13	522.133	0
2.573	2	15	13	522.133	1
2.574	1	3	14	6.04945	0
2.574	2	3	14	6.04945	1
2.574	3	17	14	3.25033	0
2.574	4	17	14	3.25033	1
2.575	1	5	15	2.88269	0
2.575	2	5	15	2.88269	1
2.575	3	21	15	8.91994	0
2.575	4	21	15	8.91994	1
2.576	1	13	16	6.59173	0
2.576	2	13	16	6.59173	1
2.576	3	26	16	5.50062	0
2.576	4	26	16	5.50062	1
2.577	1	8	17	5.19661	0
2.577	2	8	17	5.19661	1
2.577	3	16	17	2.95314	0
2.577	4	16	17	2.95314	1
2.578	1	4	18	1138.81	0
2.578	2	4	18	1138.81	1
2.583	1	6	23	5.20276	0
2.583	2	6	23	5.20276	1
2.583	3	24	23	2.3494	0
2.583	4	24	23	2.3494	1
2.584	1	11	24	10.9327	0
2.584	2	11	24	10.9327	1
2.584	3	27	24	6.04974	0
2.584	4	27	24	6.04974	1
2.585	1	7	25	6.05797	0
2.585	2	7	25	6.05797	1
2.585	3	30	25	1.89403	0
2.585	4	30	25	1.89403	1
2.586	1	9	26	5.82617	0
2.586	2	9	26	5.82617	1
2.586	3	28	26	7.42251	0
2.586	4	28	26	7.42251	1
2.588	3	22	28	550.427	0
2.588	4	22	28	550.427	1
2.589	3	20	29	1678.41	0
2.589	4	20	29	1678.41	1
2.59	3	23	30	1263.07	0
2.59	4	23	30	1263.07	1
2.641	1	2	1	5.79537	0
2.641	2	2	1	5.79537	1
2.641	3	19	1	2.53899	0
2.641	4	19	1	2.53899	1
2.642	1	14	2	3.55142	0
2.642	2	14	2	3.55142	1
2.642	3	18	2	8.30676	0
2.642	4	18	2	8.30676	1
2.643	1	10	3	4.78518	0
2.643	2	10	3	4.78518	1
2.643	3	29	3	9.16632	0
2.643	4	29	3	9.16632	1
2.644	1	12	4	11.2478	0
2.644	2	12	4	11.2478	1
2.644	3	25	4	5.22392	0
2.644	4	25	4	5.22392	1
2.652	1	1	12	1195.22	0
2.652	2	1	12	1195.22	1
2.653	1	15	13	525.648	0
2.653	2	15	13	525.648	1
2.654	1	3	14	6.05613	0
2.654	2	3	14	6.05613	1
2.654	3	17	14	3.22669	0
2.654	4	17	14	3.22669	1
2.655	1	5	15	2.82436	0
2.655	2	5	15	2.82436	1
2.655	3	21	15	8.88818	0
2.655	4	21	15	8.88818	1
2.656	1	13	16	6.4792	0
2.656	2	13	16	6.4792	1
2.656	3	26	16	5.57692	0
2.656	4	26	16	5.57692	1
2.657	1	8	17	5.10755	0
2.657	2	8	17	5.10755	1
2.657	3	16	17	2.93894	0
2.657	4	16	17	2.93894	1
2.658	1	4	18	1122.24	0
2.658	2	4	18	1122.24	1
2.663	1	6	23	5.28481	0
2.663	2	6	23	5.28481	1
2.663	3	24	23	2.32088	0
2.663	4	24	23	2.32088	1
2.664	1	11	24	10.8401	0
2.664	2	11	24	10.8401	1
2.664	3	27	24	6.12637	0
2.664	4	27	24	6.12637	1
2.665	1	7	25	6.02137	0
2.665	2	7	25	6.02137	1
2.665	3	30	25	1.88966	0
2.665	4	30	25	1.88966	1
2.666	1	9	26	5.87767	0
2.666	2	9	26	5.87767	1
2.666	3	28	26	7.38333	0
2.666	4	28	26	7.38333	1
2.668	3	22	28	555.773	0
2.668	4	22	28	555.773	1
2.669	3	20	29	1663.4	0
2.669	4	20	29	1663.4	1
2.67	3	23	30	1281.35	0
2.67	4	23	30	1281.35	1
2.721	1	2	1	5.81496	0
2.721	2	2	1	5.81496	1
2.721	3	19	1	2.55943	0
2.721	4	19	1	2.55943	1
2.722	1	14	2	3.49687	0
2.722	2	14	2	3.49687	1
2.722	3	18	2	8.23072	0
2.722	4	18	2	8.23072	1
2.723	1	10	3	4.77461	0
2.723	2	10	3	4.77461	1
2.723	3	29	3	9.22052	0
2.723	4	29	3	9.22052	1
2.724	1	12	4	11.3497	0
2.724	2	12	4	11.3497	1
2.724	3	25	4	5.28703	0
2.724	4	25	4	5.28703	1
2.732	1	1	12	1195.59	0
2.732	2	1	12	1195.59	1
2.733	1	15	13	528.763	0
2.733	2	15	13	528.763	1
2.734	1	3	14	6.1266	0
2.734	2	3	14	6.1266	1
2.734	3	17	14	3.19546	0
2.734	4	17	14	3.19546	1
2.735	1	5	15	2.75754	0
2.735	2	5	15	2.75754	1
2.735	3	21	15	8.84055	0
2.735	4	21	15	8.84055	1
2.736	1	13	16	6.38216	0
2.736	2	13	16	6.38216	1
2.736	3	26	16	5.62447	0
2.736	4	26	16	5.62447	1
2.737	1	8	17	5.04497	0
2.737	2	8	17	5.04497	1
2.737	3	16	17	2.89119	0
2.737	4	16	17	2.89119	1
2.738	1	4	18	1119.93	0
2.738	2	4	18	1119.93	1
2.743	1	6	23	5.30711	0
2.743	2	6	23	5.30711	1
2.743	3	24	23	2.31676	0
2.743	4	24	23	2.31676	1
2.744	1	11	24	10.814	0
2.744	2	11	24	10.814	1
2.744	3	27	24	6.17466	0
2.744	4	27	24	6.17466	1
2.745	1	7	25	6.04236	0
2.745	2	7	25	6.04236	1
2.745	3	30	25	1.88828	0
2.745	4	30	25	1.88828	1
2.746	1	9	26	5.90223	0
2.746	2	9	26	5.90223	1
2.746	3	28	26	7.27736	0
2.746	4	28	26	7.27736	1
2.748	3	22	28	561.838	0
2.748	4	22	28	561.838	1
2.749	3	20	29	1646.75	0
2.749	4	20	29	1646.75	1
2.75	3	23	30	1277.91	0
2.75	4	23	30	1277.91	1
2.801	1	2	1	5.76336	0
2.801	2	2	1	5.76336	1
2.801	3	19	1	2.52768	0
2.801	4	19	1	2.52768	1
2.802	1	14	2	3.46821	0
2.802	2	14	2	3.46821	1
2.802	3	18	2	8.2691	0
2.802	4	18	2	8.2691	1
2.803	1	10	3	4.78463	0
2.803	2	10	3	4.78463	1
2.803	3	29	3	9.12182	0
2.803	4	29	3	9.12182	1
2.804	1	12	4	11.4362	0
2.804	2	12	4	11.4362	1
2.804	3	25	4	5.32439	0
2.804	4	25	4	5.32439	1
2.812	1	1	12	1194.11	0
2.812	2	1	12	1194.11	1
2.813	1	15	13	533.606	0
2.813	2	15	13	533.606	1
2.814	1	3	14	6.24812	0
2.814	2	3	14	6.24812	1
2.814	3	17	14	3.21885	0
2.814	4	17	14	3.21885	1
2.815	1	5	15	2.7052	0
2.815	2	5	15	2.7052	1
2.815	3	21	15	8.81979	0
2.815	4	21	15	8.81979	1
2.816	1	13	16	6.34173	0
2.816	2	13	16	6.34173	1
2.816	3	26	16	5.58338	0
2.816	4	26	16	5.58338	1
2.817	1	8	17	5.05283	0
2.817	2	8	17	5.05283	1
2.817	3	16	17	2.85167	0
2.817	4	16	17	2.85167	1
2.818	1	4	18	1133.08	0
2.818	2	4	18	1133.08	1
2.823	1	6	23	5.23246	0
2.823	2	6	23	5.23246	1
2.823	3	24	23	2.32749	0
2.823	4	24	23	2.32749	1
2.824	1	11	24	10.8037	0
2.824	2	11	24	10.8037	1
2.824	3	27	24	6.20433	0
2.824	4	27	24	6.20433	1
2.825	1	7	25	6.11345	0
2.825	2	7	25	6.11345	1
2.825	3	30	25	1.89641	0
2.825	4	30	25	1.89641	1
2.826	1	9	26	5.91238	0
2.826	2	9	26	5.91238	1
2.826	3	28	26	7.20555	0
2.826	4	28	26	7.20555	1
2.828	3	22	28	566.654	0
2.828	4	22	28	566.654	1
2.829	3	20	29	1644.28	0
2.829	4	20	29	1644.28	1
2.83	3	23	30	1274.38	0
2.83	4	23	30	1274.38	1
2.881	1	2	1	5.7964	0
2.881	2	2	1	5.7964	1
2.881	3	19	1	2.53877	0
2.881	4	19	1	2.53877	1
2.882	1	14	2	3.39709	0
2.882	2	14	2	3.39709	1
2.882	3	18	2	8.17959	0
2.882	4	18	2	8.17959	1
2.883	1	10	3	4.79874	0
2.883	2	10	3	4.79874	1
2.883	3	29	3	9.21119	0
2.883	4	29	3	9.21119	1
2.884	1	12	4	11.3237	0
2.884	2	12	4	11.3237	1
2.884	3	25	4	5.29627	0
2.884	4	25	4	5.29627	1
2.892	1	1	12	1205.78	0
2.892	2	1	12	1205.78	1
2.893	1	15	13	536.225	0
2.893	2	15	13	536.225	1
2.894	1	3	14	6.259	0
2.894	2	3	14	6.259	1
2.894	3	17	14	3.22701	0
2.894	4	17	14	3.22701	1
2.895	1	5	15	2.69597	0
2.895	2	5	15	2.69597	1
2.895	3	21	15	8.99584	0
2.895	4	21	15	8.99584	1
2.896	1	13	16	6.32554	0
2.896	2	13	16	6.32554	1
2.896	3	26	16	5.54124	0
2.896	4	26	16	5.54124	1
2.897	1	8	17	5.1036	0
2.897	2	8	17	5.1036	1
2.897	3	16	17	2.84379	0
2.897	4	16	17	2.84379	1
2.898	1	4	18	1144.83	0
2.898	2	4	18	1144.83	1
2.903	1	6	23	5.10677	0
2.903	2	6	23	5.10677	1
2.903	3	24	23	2.33605	0
2.903	4	24	23	2.33605	1
2.904	1	11	24	10.5779	0
2.904	2	11	24	10.5779	1
2.904	3	27	24	6.30453	0
2.904	4	27	24	6.30453	1
2.905	1	7	25	6.14394	0
2.905	2	7	25	6.14394	1
2.905	3	30	25	1.93367	0
2.905	4	30	25	1.93367	1
2.906	1	9	26	5.92147	0
2.906	2	9	26	5.92147	1
2.906	3	28	26	7.26112	0
2.906	4	28	26	7.26112	1
2.908	3	22	28	568.876	0
2.908	4	22	28	568.876	1
2.909	3	20	29	1657.86	0
2.909	4	20	29	1657.86	1
2.91	3	23	30	1294.12	0
2.91	4	23	30	1294.12	1
2.961	1	2	1	5.78722	0
2.961	2	2	1	5.78722	1
2.961	3	19	1	2.52685	0
2.961	4	19	1	2.52685	1
2.962	1	14	2	3.41118	0
2.962	2	14	2	3.41118	1
2.962	3	18	2	8.18288	0
2.962	4	18	2	8.18288	1
2.963	1	10	3	4.79331	0
2.963	2	10	3	4.79331	1
2.963	3	29	3	9.15552	0
2.963	4	29	3	9.15552	1
2.964	1	12	4	11.226	0
2.964	2	12	4	11.226	1
2.964	3	25	4	5.28612	0
2.964	4	25	4	5.28612	1
2.972	1	1	12	1220.24	0
2.972	2	1	12	1220.24	1
2.973	1	15	13	529.946	0
2.973	2	15	13	529.946	1
2.974	1	3	14	6.25777	0
2.974	2	3	14	6.25777	1
2.974	3	17	14	3.22052	0
2.974	4	17	14	3.22052	1
2.975	1	5	15	2.65978	0
2.975	2	5	15	2.65978	1
2.975	3	21	15	9.12274	0
2.975	4	21	15	9.12274	1
2.976	1	13	16	6.34314	0
2.976	2	13	16	6.34314	1
2.976	3	26	16	5.6179	0
2.976	4	26	16	5.6179	1
2.977	1	8	17	5.18058	0
2.977	2	8	17	5.18058	1
2.977	3	16	17	2.79974	0
2.977	4	16	17	2.79974	1
2.978	1	4	18	1151	0
2.978	2	4	18	1151	1
2.983	1	6	23	5.03674	0
2.983	2	6	23	5.03674	1
2.983	3	24	23	2.31214	0
2.983	4	24	23	2.31214	1
2.984	1	11	24	10.4226	0
2.984	2	11	24	10.4226	1
2.984	3	27	24	6.3251	0
2.984	4	27	24	6.3251	1
2.985	1	7	25	6.19721	0
2.985	2	7	25	6.19721	1
2.985	3	30	25	1.95445	0
2.985	4	30	25	1.95445	1
2.986	1	9	26	5.92759	0
2.986	2	9	26	5.92759	1
2.986	3	28	26	7.27182	0
2.986	4	28	26	7.27182	1
2.988	3	22	28	566.606	0
2.988	4	22	28	566.606	1
2.989	3	20	29	1636.21	0
2.989	4	20	29	1636.21	1
2.99	3	23	30	1311.75	0
2.99	4	23	30	1311.75	1
